0 1
0.0 0.0
0.001 0.0
0.002 0.0
0.003 0.0
0.004 0.0
0.005 0.0
0.006 0.0
0.007 0.0
0.008 0.0
0.009000000000000001 0.0
0.01 0.0
0.011 0.0
0.012 0.0
0.013000000000000001 0.0
0.014 0.0
0.015 0.0
0.016 0.0
0.017 0.0
0.018000000000000002 0.0
0.019 0.0
0.02 0.0
0.021 0.0
0.022 0.0
0.023 0.0
0.024 0.0
0.025 -3.509455343973617e-62
0.026000000000000002 -8.68898239427571e-61
0.027 -1.11864898346212e-59
0.028 -9.970347121574948e-59
0.029 -6.911536870295919e-58
0.03 -3.969733075227089e-57
0.031 -1.9655421656263476e-56
0.032 -8.619646278567472e-56
0.033 -3.414170696264126e-55
0.034 -1.2396092951280951e-54
0.035 -4.173344836041415e-54
0.036000000000000004 -1.3148388435704973e-53
0.037 -3.90570141921276e-53
0.038 -1.1006646851988964e-52
0.039 -2.9580163798412727e-52
0.04 -7.614760737320445e-52
0.041 -1.8848247077354386e-51
0.042 -4.5006262728187844e-51
0.043000000000000003 -1.0397026180943964e-50
0.044 -2.329569880875764e-50
0.045 -5.073907209260525e-50
0.046 -1.0763962621202802e-49
0.047 -2.228107366252382e-49
0.048 -4.5074120090386596e-49
0.049 -8.92422907653541e-49
0.05 -1.7315401652565596e-48
0.051000000000000004 -3.296304660783343e-48
0.052000000000000005 -6.163454587883471e-48
0.053 -1.133058359168494e-47
0.054 -2.0497704885290255e-47
0.055 -3.652120863093106e-47
0.056 -6.413658753665741e-47
0.057 -1.1109535906777351e-46
0.058 -1.8993331812473777e-46
0.059000000000000004 -3.2069106052113595e-46
0.06 -5.350566154562836e-46
0.061 -8.826117304857115e-46
0.062 -1.4401618418665117e-45
0.063 -2.325547249708989e-45
0.064 -3.717912478677251e-45
0.065 -5.88720919794715e-45
0.066 -9.236800399981995e-45
0.067 -1.4364517953775018e-44
0.068 -2.2149529862282023e-44
0.069 -3.3875062782085993e-44
0.07 -5.140061218694838e-44
0.07100000000000001 -7.740202907180358e-44
0.07200000000000001 -1.1570414482135583e-43
0.073 -1.7173882397312554e-43
0.074 -2.5317207206541762e-43
0.075 -3.707577682281165e-43
0.076 -5.394936094029398e-43
0.077 -7.801780279235898e-43
0.078 -1.1214965193239975e-42
0.079 -1.6028036509680595e-42
0.08 -2.2778150546993177e-42
0.081 -3.2194844392152404e-42
0.082 -4.526417145101001e-42
0.083 -6.331267725722749e-42
0.084 -8.811688981155149e-42
0.085 -1.220454925402114e-41
0.08600000000000001 -1.6824320189287616e-41
0.08700000000000001 -2.308676646360324e-41
0.088 -3.153935166649183e-41
0.089 -4.2900121868945474e-41
0.09 -5.810725390824915e-41
0.091 -7.838197504363715e-41
0.092 -1.0530819334091836e-40
0.093 -1.4093294631020102e-40
0.094 -1.8789270533038202e-40
0.095 -2.4957169626089085e-40
0.096 -3.3029974873690114e-40
0.097 -4.355988105231377e-40
0.098 -5.724892086366475e-40
0.099 -7.498690635928338e-40
0.1 -9.789830343119421e-40
0.101 -1.2739998669055833e-39
0.10200000000000001 -1.652722130958602e-39
0.10300000000000001 -2.1374561562092895e-39
0.10400000000000001 -2.756075650774799e-39
0.105 -3.543318927368872e-39
0.106 -4.5423672448567575e-39
0.107 -5.806760670652773e-39
0.108 -7.402718292669285e-39
0.109 -9.41194179499196e-39
0.11 -1.1934995629539445e-38
0.111 -1.5095373574249836e-38
0.112 -1.9044380716169102e-38
0.113 -2.3966982231320864e-38
0.114 -3.0088796200842403e-38
0.115 -3.7684437611411704e-38
0.116 -4.708745520940965e-38
0.117 -5.870214265698955e-38
0.11800000000000001 -7.301755119926666e-38
0.11900000000000001 -9.062408360963765e-38
0.12 -1.1223310944837965e-37
0.121 -1.3870011067149384e-37
0.122 -1.7105194550689931e-37
0.123 -2.105189085521357e-37
0.124 -2.5857236766795107e-37
0.125 -3.1696887503438547e-37
0.126 -3.878017824678801e-37
0.127 -4.735615417336099e-37
0.128 -5.77206041306169e-37
0.129 -7.022425242495155e-37
0.13 -8.528228502776052e-37
0.131 -1.0338541115767039e-36
0.132 -1.2511268898835553e-36
0.133 -1.5114637552211788e-36
0.134 -1.82289095856313e-36
0.135 -2.1948366658931217e-36
0.136 -2.6383595244486542e-36
0.137 -3.166411848653683e-36
0.138 -3.794142269135383e-36
0.139 -4.539243309615227e-36
0.14 -5.4223500502945296e-36
0.14100000000000001 -6.46749681019541e-36
0.14200000000000002 -7.702639643044218e-36
0.14300000000000002 -9.160253400723764e-36
0.14400000000000002 -1.0878013184913067e-35
0.145 -1.2899571191993323e-35
0.146 -1.5275441270281332e-35
0.147 -1.8064004964822966e-35
0.148 -2.1332654437090575e-35
0.149 -2.5159089429895567e-35
0.15 -2.9632787417813526e-35
0.151 -3.4856668257923745e-35
0.152 -4.094897705361492e-35
0.153 -4.804541158605909e-35
0.154 -5.630152357579015e-35
0.155 -6.589542623446521e-35
0.156 -7.703084408001232e-35
0.157 -8.994054484462474e-35
0.158 -1.0489019753419884e-34
0.159 -1.2218270533180624e-34
0.16 -1.421630671109891e-34
0.161 -1.6522382687393013e-34
0.162 -1.918111764943991e-34
0.163 -2.224317837681626e-34
0.164 -2.5766042499959374e-34
0.165 -2.981485092310216e-34
0.166 -3.446335898027414e-34
0.167 -3.979499682719058e-34
0.168 -4.590405058767919e-34
0.169 -5.289697687721522e-34
0.17 -6.089386452485946e-34
0.171 -7.00300586155607e-34
0.17200000000000001 -8.045796338499106e-34
0.17300000000000001 -9.234904202690408e-34
0.17400000000000002 -1.0589603312701602e-33
0.17500000000000002 -1.2131540522671242e-33
0.176 -1.3885007295412568e-33
0.177 -1.5877240024954252e-33
0.178 -1.813875184675115e-33
0.179 -2.0703698957088825e-33
0.18 -2.3610284725449588e-33
0.181 -2.6901205166088485e-33
0.182 -3.0624139639136533e-33
0.183 -3.483229097863065e-33
0.184 -3.958497959646766e-33
0.185 -4.494829648897615e-33
0.186 -5.099582047826001e-33
0.187 -5.780940545544426e-33
0.188 -6.548004385928716e-33
0.189 -7.410881312324737e-33
0.19 -8.380791235904026e-33
0.191 -9.470179711711032e-33
0.192 -1.0692842067651823e-32
0.193 -1.2064059097082577e-32
0.194 -1.3600745295510077e-32
0.195 -1.5321610696471395e-32
0.196 -1.7247337441182633e-32
0.197 -1.9400772301315385e-32
0.198 -2.180713646456534e-32
0.199 -2.44942539888225e-32
0.2 -2.749280043305256e-32
0.201 -3.083657328178183e-32
0.202 -3.456278589568552e-32
0.203 -3.871238684356461e-32
0.20400000000000001 -4.333040660132953e-32
0.20500000000000002 -4.846633374186939e-32
0.20600000000000002 -5.417452288627057e-32
0.20700000000000002 -6.051463684216704e-32
0.20800000000000002 -6.755212551948091e-32
0.209 -7.535874438788317e-32
0.21 -8.401311542442494e-32
0.211 -9.360133369442398e-32
0.212 -1.0421762291432311e-31
0.213 -1.159650435623606e-31
0.214 -1.2895625733201875e-31
0.215 -1.4331435196487014e-31
0.216 -1.5917373075415841e-31
0.217 -1.766810712787874e-31
0.218 -1.959963582099114e-31
0.219 -2.1729399532960287e-31
0.22 -2.407640022137121e-31
0.221 -2.666133013596331e-31
0.222 -2.950671018848684e-31
0.223 -3.2637038628466664e-31
0.224 -3.6078950711724072e-31
0.225 -3.986139008837972e-31
0.226 -4.401579267884917e-31
0.227 -4.85762838501128e-31
0.228 -5.357988975036224e-31
0.229 -5.906676370806401e-31
0.23 -6.508042865160587e-31
0.231 -7.166803655807281e-31
0.232 -7.888064599440603e-31
0.233 -8.677351887129955e-31
0.234 -9.540643758975508e-31
0.23500000000000001 -1.0484404382231542e-30
0.23600000000000002 -1.1515620023569927e-30
0.23700000000000002 -1.2641837652893335e-30
0.23800000000000002 -1.3871206123119052e-30
0.23900000000000002 -1.521252007764599e-30
0.24 -1.6675266744796232e-30
0.241 -1.8269675786394774e-30
0.242 -2.000677237582286e-30
0.243 -2.18984336893579e-30
0.244 -2.3957449003401662e-30
0.245 -2.619758359930421e-30
0.246 -2.8633646686918776e-30
0.247 -3.1281563567777226e-30
0.248 -3.415845226886179e-30
0.249 -3.728270488836989e-30
0.25 -4.06740739056291e-30
0.251 -4.4353763718421324e-30
0.252 -4.834452768242221e-30
0.253 -5.267077093925454e-30
0.254 -5.735865933179539e-30
0.255 -6.243623471786571e-30
0.256 -6.793353700626832e-30
0.257 -7.38827332523238e-30
0.258 -8.031825416358351e-30
0.259 -8.727693838027033e-30
0.26 -9.479818490920689e-30
0.261 -1.0292411410453549e-29
0.262 -1.116997376034034e-29
0.263 -1.211731376399787e-29
0.264 -1.3139565617666368e-29
0.265 -1.4242209430717625e-29
0.266 -1.5431092240226395e-29
0.267 -1.671245014851846e-29
0.268 -1.8092931634072116e-29
0.269 -1.9579622087837746e-29
0.27 -2.1180069628750604e-29
0.271 -2.2902312253943486e-29
0.272 -2.475490638091586e-29
0.273 -2.674695684068187e-29
0.274 -2.888814838269935e-29
0.275 -3.11887787541718e-29
0.276 -3.365979341811269e-29
0.277 -3.631282197636309e-29
0.278 -3.916021636555517e-29
0.279 -4.221509089581243e-29
0.28 -4.549136420376778e-29
0.281 -4.9003803193258484e-29
0.28200000000000003 -5.276806903881771e-29
0.28300000000000003 -5.680076532882011e-29
0.28400000000000003 -6.111948842684943e-29
0.28500000000000003 -6.574288013153152e-29
0.28600000000000003 -7.069068271671204e-29
0.28700000000000003 -7.598379643544667e-29
0.28800000000000003 -8.164433957280566e-29
0.289 -8.769571113396759e-29
0.29 -9.416265625547975e-29
0.291 -1.0107133442888677e-28
0.292 -1.0844939062716779e-28
0.293 -1.1632602942556156e-28
0.294 -1.2473209220939484e-28
0.295 -1.337001375624456e-28
0.296 -1.4326452493016236e-28
0.297 -1.534615016527101e-28
0.298 -1.6432929346331172e-28
0.299 -1.7590819854768617e-28
0.3 -1.8824068526054024e-28
0.301 -2.0137149359503368e-28
0.302 -2.153477405008937e-28
0.303 -2.3021902914638814e-28
0.304 -2.4603756221866455e-28
0.305 -2.6285825935599873e-28
0.306 -2.8073887880426876e-28
0.307 -2.99740143388444e-28
0.308 -3.199258708880456e-28
0.309 -3.4136310890337243e-28
0.31 -3.641222742967693e-28
0.311 -3.8827729729032955e-28
0.312 -4.139057702981401e-28
0.313 -4.4108910156747435e-28
0.314 -4.699126736992005e-28
0.315 -5.004660071130507e-28
0.316 -5.32842928518302e-28
0.317 -5.671417444447818e-28
0.318 -6.034654198829396e-28
0.319 -6.419217620749669e-28
0.32 -6.826236094915819e-28
0.321 -7.2568902602108985e-28
0.322 -7.712415003886478e-28
0.323 -8.194101508142798e-28
0.324 -8.703299349080555e-28
0.325 -9.241418647899447e-28
0.326 -9.809932274101377e-28
0.327 -1.0410378100330502e-27
0.328 -1.1044361308347673e-27
0.329 -1.1713556745492822e-27
0.33 -1.241971133083518e-27
0.331 -1.3164646510047239e-27
0.332 -1.3950260757863913e-27
0.333 -1.4778532126802713e-27
0.334 -1.5651520840623585e-27
0.335 -1.6571371930797846e-27
0.336 -1.754031791403395e-27
0.337 -1.856068150867293e-27
0.338 -1.963487838751806e-27
0.339 -2.0765419964400726e-27
0.34 -2.1954916211507334e-27
0.341 -2.3206078504199578e-27
0.342 -2.4521722489752264e-27
0.343 -2.5904770976108043e-27
0.34400000000000003 -2.7358256836406704e-27
0.34500000000000003 -2.8885325924687277e-27
0.34600000000000003 -3.048923999778347e-27
0.34700000000000003 -3.217337963803611e-27
0.34800000000000003 -3.394124717103005e-27
0.34900000000000003 -3.579646957212616e-27
0.35000000000000003 -3.774280135510125e-27
0.35100000000000003 -3.978412743572933e-27
0.352 -4.192446596263543e-27
0.353 -4.41679711072279e-27
0.354 -4.651893580396605e-27
0.355 -4.8981794431645324e-27
0.356 -5.156112542578298e-27
0.357 -5.426165381156092e-27
0.358 -5.708825364612867e-27
0.359 -6.0045950358388385e-27
0.36 -6.3139922973673265e-27
0.361 -6.637550620999014e-27
0.362 -6.975819243172666e-27
0.363 -7.329363344592028e-27
0.364 -7.69876421253519e-27
0.365 -8.084619384185757e-27
0.366 -8.487542769234963e-27
0.367 -8.90816474990997e-27
0.368 -9.347132256486162e-27
0.369 -9.805108816240012e-27
0.37 -1.0282774573694127e-26
0.371 -1.0780826279897054e-26
0.372 -1.1299977248367438e-26
0.373 -1.1840957275215047e-26
0.374 -1.2404512520829667e-26
0.375 -1.299140535040327e-26
0.376 -1.3602414130420552e-26
0.377 -1.4238332978118228e-26
0.378 -1.4899971460774005e-26
0.379 -1.5588154241541937e-26
0.38 -1.630372066840175e-26
0.381 -1.704752430263549e-26
0.382 -1.7820432383085747e-26
0.383 -1.8623325222285056e-26
0.384 -1.945709553037627e-26
0.385 -2.0322647662568397e-26
0.386 -2.1220896785691473e-26
0.387 -2.2152767959227358e-26
0.388 -2.311919512600106e-26
0.389 -2.4121120007518693e-26
0.39 -2.5159490898733807e-26
0.391 -2.6235261356813283e-26
0.392 -2.734938877825704e-26
0.393 -2.850283285850256e-26
0.394 -2.9696553927915444e-26
0.395 -3.093151115783073e-26
0.396 -3.2208660630066545e-26
0.397 -3.352895326308152e-26
0.398 -3.489333258769031e-26
0.399 -3.630273236498759e-26
0.4 -3.775807403885904e-26
0.401 -3.9260264015179595e-26
0.402 -4.0810190759512606e-26
0.403 -4.240872170483002e-26
0.404 -4.405669996047212e-26
0.405 -4.5754940813256145e-26
0.406 -4.7504228011325966e-26
0.40700000000000003 -4.930530982100969e-26
0.40800000000000003 -5.1158894846619033e-26
0.40900000000000003 -5.306564760278255e-26
0.41000000000000003 -5.502618382855498e-26
0.41100000000000003 -5.704106553218693e-26
0.41200000000000003 -5.911079575507205e-26
0.41300000000000003 -6.123581304301337e-26
0.41400000000000003 -6.34164856125669e-26
0.41500000000000004 -6.56531051998267e-26
0.41600000000000004 -6.794588057861452e-26
0.417 -7.029493073462594e-26
0.418 -7.270027768166506e-26
0.419 -7.516183890567051e-26
0.42 -7.767941942179748e-26
0.421 -8.025270342937275e-26
0.422 -8.288124554908251e-26
0.423 -8.556446162628642e-26
0.424 -8.830161908387539e-26
0.425 -9.10918268076048e-26
0.426 -9.393402454634013e-26
0.427 -9.682697180914626e-26
0.428 -9.976923624063812e-26
0.429 -1.0275918145548524e-25
0.43 -1.0579495431242885e-25
0.431 -1.0887447160762622e-25
0.432 -1.119954061665827e-25
0.433 -1.151551723133689e-25
0.434 -1.183509106952459e-25
0.435 -1.2157947244023833e-25
0.436 -1.248374026246016e-25
0.437 -1.281209230265261e-25
0.438 -1.3142591414180787e-25
0.439 -1.3474789643659193e-25
0.44 -1.380820108116618e-25
0.441 -1.414229982521056e-25
0.442 -1.4476517863553582e-25
0.443 -1.4810242867137886e-25
0.444 -1.5142815894307641e-25
0.445 -1.5473529002436067e-25
0.446 -1.5801622764007284e-25
0.447 -1.6126283684129362e-25
0.448 -1.6446641516384467e-25
0.449 -1.676176647384994e-25
0.45 -1.7070666332051324e-25
0.451 -1.7372283420534545e-25
0.452 -1.7665491499669658e-25
0.453 -1.7949092519223121e-25
0.454 -1.8221813255158923e-25
0.455 -1.8482301821051695e-25
0.456 -1.8729124050416689e-25
0.457 -1.8960759746182466e-25
0.458 -1.9175598793452418e-25
0.459 -1.9371937131620518e-25
0.46 -1.9547972581825395e-25
0.461 -1.9701800525644617e-25
0.462 -1.983140943084823e-25
0.463 -1.9934676219947032e-25
0.464 -2.0009361477186712e-25
0.465 -2.005310448955414e-25
0.466 -2.0063418117276476e-25
0.467 -2.0037683489207577e-25
0.468 -1.9973144518409477e-25
0.46900000000000003 -1.9866902233149341e-25
0.47000000000000003 -1.9715908918444525e-25
0.47100000000000003 -1.9516962063199982e-25
0.47200000000000003 -1.9266698107893559e-25
0.47300000000000003 -1.8961585987675497e-25
0.47400000000000003 -1.8597920465658822e-25
0.47500000000000003 -1.8171815251087453e-25
0.47600000000000003 -1.7679195896978564e-25
0.47700000000000004 -1.7115792471745242e-25
0.47800000000000004 -1.647713199921467e-25
0.47900000000000004 -1.5758530661366222e-25
0.48 -1.4955085758022667e-25
0.481 -1.406166741763654e-25
0.482 -1.3072910053222467e-25
0.483 -1.1983203557394933e-25
0.484 -1.0786684230379817e-25
0.485 -9.477225434776787e-26
0.486 -8.048427970758705e-26
0.487 -6.493610165303318e-26
0.488 -4.805797668961965e-26
0.489 -2.977712953579696e-26
0.49 -1.0017645042913209e-26
0.491 1.1299643009716972e-26
0.492 3.425726631317578e-26
0.493 5.894123969016465e-26
0.494 8.544118208939154e-26
0.495 1.1385044098430192e-25
0.496 1.4426622024819858e-25
0.497 1.76789711578653e-25
0.498 2.115262295449604e-25
0.499 2.4858535033323234e-25
0.5 2.8808105426454914e-25
0.501 3.3013187216241775e-25
0.502 3.748610356465861e-25
0.503 4.223966314310646e-25
0.504 4.728717597049889e-25
0.505 5.264246966757277e-25
0.506 5.831990613543994e-25
0.507 6.433439866646971e-25
0.508 7.070142949566558e-25
0.509 7.743706780076947e-25
0.51 8.455798815939704e-25
0.511 9.208148947157416e-25
0.512 1.000255143561105e-24
0.513 1.0840866902930969e-24
0.514 1.1725024367457686e-24
0.515 1.2657023331154342e-24
0.516 1.3638935917338657e-24
0.517 1.4672909060107481e-24
0.518 1.5761166746332395e-24
0.519 1.6906012311109704e-24
0.52 1.8109830787552944e-24
0.521 1.9375091311820407e-24
0.522 2.0704349584274444e-24
0.523 2.210025038767308e-24
0.524 2.3565530163298124e-24
0.525 2.510301964592723e-24
0.526 2.6715646558560302e-24
0.527 2.8406438367813283e-24
0.528 3.0178525100894596e-24
0.529 3.2035142225081656e-24
0.53 3.397963359061616e-24
0.531 3.601545443793847e-24
0.532 3.8146174470181745e-24
0.533 4.037548099184765e-24
0.534 4.270718211458489e-24
0.535 4.514521003099174e-24
0.536 4.7693624357363274e-24
0.537 5.0356615546302246e-24
0.538 5.313850837011159e-24
0.539 5.6043765475883985e-24
0.54 5.907699101320168e-24
0.541 6.2242934335356795e-24
0.542 6.55464937749988e-24
0.543 6.899272049511189e-24
0.544 7.258682241622087e-24
0.545 7.633416822071874e-24
0.546 8.024029143520427e-24
0.547 8.431089459171141e-24
0.548 8.855185346870637e-24
0.549 9.296922141272053e-24
0.55 9.756923374148052e-24
0.551 1.0235831222938812e-23
0.552 1.0734306967619381e-23
0.553 1.1253031455969908e-23
0.554 1.1792705577331202e-23
0.555 1.235405074492708e-23
0.556 1.2937809386833806e-23
0.557 1.3544745445675777e-23
0.558 1.417564488712537e-23
0.559 1.4831316217283547e-23
0.56 1.5512591009016516e-23
0.561 1.6220324437322154e-23
0.562 1.695539582379867e-23
0.5630000000000001 1.771870919028612e-23
0.5640000000000001 1.8511193821749948e-23
0.5650000000000001 1.9333804838474053e-23
0.5660000000000001 2.0187523777628882e-23
0.5670000000000001 2.1073359184278503e-23
0.5680000000000001 2.199234721188847e-23
0.5690000000000001 2.2945552232394444e-23
0.5700000000000001 2.3934067455889394e-23
0.5710000000000001 2.495901555998514e-23
0.5720000000000001 2.6021549328901726e-23
0.5730000000000001 2.712285230233591e-23
0.5740000000000001 2.826413943415765e-23
0.5750000000000001 2.9446657760981027e-23
0.5760000000000001 3.0671687080653576e-23
0.577 3.194054064070543e-23
0.578 3.325456583679696e-23
0.579 3.461514492120086e-23
0.58 3.602369572135186e-23
0.581 3.748167236849441e-23
0.582 3.899056603645543e-23
0.583 4.055190569056653e-23
0.584 4.2167258846756706e-23
0.585 4.3838232340833447e-23
0.586 4.556647310796674e-23
0.587 4.735366897238727e-23
0.588 4.9201549447306525e-23
0.589 5.111188654506294e-23
0.59 5.308649559749483e-23
0.591 5.512723608653672e-23
0.592 5.723601248503251e-23
0.593 5.941477510775432e-23
0.594 6.166552097261249e-23
0.595 6.399029467203809e-23
0.596 6.639118925451472e-23
0.597 6.887034711623288e-23
0.598 7.142996090283526e-23
0.599 7.407227442121747e-23
0.6 7.679958356134401e-23
0.601 7.961423722803459e-23
0.602 8.25186382826719e-23
0.603 8.55152444947766e-23
0.604 8.860656950339076e-23
0.605 9.179518378820659e-23
0.606 9.508371565037141e-23
0.607 9.847485220289592e-23
0.608 1.0197134037058676e-22
0.609 1.0557598789941999e-22
0.61 1.092916643752664e-22
0.611 1.1312130225187423e-22
0.612 1.170678978880102e-22
0.613 1.21134512593653e-22
0.614 1.2532427368512934e-22
0.615 1.296403755490757e-22
0.616 1.3408608071510466e-22
0.617 1.3866472093704717e-22
0.618 1.4337969828263837e-22
0.619 1.4823448623150664e-22
0.62 1.5323263078132137e-22
0.621 1.5837775156194767e-22
0.622 1.6367354295745077e-22
0.623 1.6912377523578672e-22
0.624 1.7473229568600937e-22
0.625 1.8050302976281786e-22
0.626 1.864399822382623e-22
0.627 1.9254723836041862e-22
0.628 1.9882896501883782e-22
0.629 2.052894119165678e-22
0.63 2.1193291274853947e-22
0.631 2.187638863861026e-22
0.632 2.257868380674894e-22
0.633 2.33006360593979e-22
0.634 2.40427135531526e-22
0.635 2.480539344176132e-22
0.636 2.5589161997307903e-22
0.637 2.6394514731866467e-22
0.638 2.7221956519601866e-22
0.639 2.8072001719288926e-22
0.64 2.894517429722294e-22
0.641 2.984200795049301e-22
0.642 3.0763046230589276e-22
0.643 3.1708842667314243e-22
0.644 3.2679960892967875e-22
0.645 3.367697476677521e-22
0.646 3.47004684995247e-22
0.647 3.575103677838468e-22
0.648 3.68292848918647e-22
0.649 3.7935828854887722e-22
0.65 3.9071295533938453e-22
0.651 4.023632277225235e-22
0.652 4.1431559515009245e-22
0.653 4.265766593449459e-22
0.654 4.391531355519086e-22
0.655 4.520518537876072e-22
0.656 4.652797600888298e-22
0.657 4.788439177590155e-22
0.658 4.927515086124711e-22
0.659 5.070098342159009e-22
0.66 5.216263171268335e-22
0.661 5.366085021285174e-22
0.662 5.519640574608554e-22
0.663 5.677007760469348e-22
0.664 5.838265767147097e-22
0.665 6.0034950541338e-22
0.666 6.17277736424007e-22
0.667 6.346195735638979e-22
0.668 6.523834513842859e-22
0.669 6.705779363608236e-22
0.67 6.892117280764028e-22
0.671 7.082936603958076e-22
0.672 7.278327026316966e-22
0.673 7.47837960701411e-22
0.674 7.683186782740919e-22
0.675 7.892842379075871e-22
0.676 8.10744162174623e-22
0.677 8.327081147777058e-22
0.678 8.551859016522158e-22
0.679 8.781874720571477e-22
0.68 9.017229196529512e-22
0.681 9.258024835659064e-22
0.682 9.504365494384814e-22
0.683 9.756356504650977e-22
0.684 1.0014104684127323e-21
0.685 1.027771834625778e-21
0.686 1.0547307310145761e-21
0.687 1.0822982910270325e-21
0.6880000000000001 1.1104858006027257e-21
0.6890000000000001 1.1393046991089022e-21
0.6900000000000001 1.1687665802577586e-21
0.6910000000000001 1.198883193004402e-21
0.6920000000000001 1.229666442424871e-21
0.6930000000000001 1.2611283905736068e-21
0.6940000000000001 1.2932812573197432e-21
0.6950000000000001 1.3261374211615978e-21
0.6960000000000001 1.3597094200187292e-21
0.6970000000000001 1.3940099520009274e-21
0.6980000000000001 1.4290518761535016e-21
0.6990000000000001 1.4648482131782228e-21
0.7000000000000001 1.5014121461292758e-21
0.7010000000000001 1.5387570210835764e-21
0.7020000000000001 1.5768963477848012e-21
0.7030000000000001 1.6158438002604783e-21
0.704 1.6556132174114802e-21
0.705 1.6962186035732655e-21
0.706 1.737674129048208e-21
0.707 1.7799941306083433e-21
0.708 1.8231931119678835e-21
0.709 1.8672857442248207e-21
0.71 1.91228686627096e-21
0.711 1.9582114851697103e-21
0.712 2.0050747765009662e-21
0.713 2.0528920846724082e-21
0.714 2.1016789231965524e-21
0.715 2.1514509749328805e-21
0.716 2.202224092294375e-21
0.717 2.2540142974177913e-21
0.718 2.306837782297e-21
0.719 2.360710908878719e-21
0.72 2.4156502091199804e-21
0.721 2.47167238500665e-21
0.722 2.5287943085323483e-21
0.723 2.587033021637091e-21
0.724 2.6464057361050033e-21
0.725 2.7069298334204305e-21
0.726 2.7686228645818007e-21
0.727 2.831502549872572e-21
0.728 2.8955867785886186e-21
0.729 2.9608936087214034e-21
0.73 3.027441266596289e-21
0.731 3.0952481464653448e-21
0.732 3.1643328100540126e-21
0.733 3.2347139860609934e-21
0.734 3.306410569610729e-21
0.735 3.379441621657845e-21
0.736 3.453826368342949e-21
0.737 3.529584200299145e-21
0.738 3.6067346719086854e-21
0.739 3.6852975005091256e-21
0.74 3.765292565548411e-21
0.741 3.8467399076882795e-21
0.742 3.9296597278554186e-21
0.743 4.014072386239789e-21
0.744 4.099998401239532e-21
0.745 4.187458448351933e-21
0.746 4.276473359009845e-21
0.747 4.3670641193630556e-21
0.748 4.459251869004051e-21
0.749 4.553057899637643e-21
0.75 4.648503653693949e-21
0.751 4.745610722884201e-21
0.752 4.844400846698902e-21
0.753 4.944895910847817e-21
0.754 5.047117945641341e-21
0.755 5.1510891243127515e-21
0.756 5.256831761280907e-21
0.757 5.364368310352934e-21
0.758 5.47372136286646e-21
0.759 5.584913645770985e-21
0.76 5.697968019647962e-21
0.761 5.812907476669202e-21
0.762 5.929755138493203e-21
0.763 6.0485342540990325e-21
0.764 6.169268197557416e-21
0.765 6.291980465738659e-21
0.766 6.416694675957094e-21
0.767 6.5434345635517136e-21
0.768 6.6722239794026995e-21
0.769 6.803086887383544e-21
0.77 6.93604736174851e-21
0.771 7.071129584455135e-21
0.772 7.208357842421567e-21
0.773 7.347756524718497e-21
0.774 7.489350119695457e-21
0.775 7.633163212041314e-21
0.776 7.779220479778756e-21
0.777 7.927546691192635e-21
0.778 8.078166701691982e-21
0.779 8.231105450605622e-21
0.78 8.38638795791122e-21
0.781 8.544039320897708e-21
0.782 8.70408471076101e-21
0.783 8.866549369132976e-21
0.784 9.031458604543563e-21
0.785 9.198837788816156e-21
0.786 9.368712353396094e-21
0.787 9.541107785612405e-21
0.788 9.716049624872782e-21
0.789 9.89356345879186e-21
0.79 1.0073674919252897e-20
0.791 1.0256409678402922e-20
0.792 1.0441793444581516e-20
0.793 1.0629851958183337e-20
0.794 1.0820610987454546e-20
0.795 1.1014096324223368e-20
0.796 1.1210333779564916e-20
0.797 1.1409349179400588e-20
0.798 1.1611168360032221e-20
0.799 1.1815817163611306e-20
0.8 1.2023321433543551e-20
0.801 1.22337070098291e-20
0.802 1.2446999724338754e-20
0.803 1.2663225396026556e-20
0.804 1.2882409826079096e-20
0.805 1.3104578793001992e-20
0.806 1.3329758047643921e-20
0.807 1.3557973308158683e-20
0.808 1.3789250254905772e-20
0.809 1.4023614525289945e-20
0.81 1.4261091708540288e-20
0.811 1.450170734042938e-20
0.812 1.474548689793308e-20
0.8130000000000001 1.4992455793831504e-20
0.8140000000000001 1.5242639371251893e-20
0.8150000000000001 1.549606289815392e-20
0.8160000000000001 1.575275156175818e-20
0.8170000000000001 1.6012730462918444e-20
0.8180000000000001 1.6276024610438547e-20
0.8190000000000001 1.654265891533446e-20
0.8200000000000001 1.6812658185042464e-20
0.8210000000000001 1.708604711757411e-20
0.8220000000000001 1.73628502956188e-20
0.8230000000000001 1.764309218059488e-20
0.8240000000000001 1.7926797106649943e-20
0.8250000000000001 1.821398927461145e-20
0.8260000000000001 1.8504692745888354e-20
0.8270000000000001 1.879893143632477e-20
0.8280000000000001 1.9096729110006668e-20
0.8290000000000001 1.9398109373022454e-20
0.8300000000000001 1.9703095667178535e-20
0.8310000000000001 2.0011711263670863e-20
0.8320000000000001 2.032397925671349e-20
0.833 2.063992255712521e-20
0.834 2.095956388587542e-20
0.835 2.1282925767590236e-20
0.836 2.161003052402011e-20
0.837 2.1940900267470027e-20
0.838 2.2275556894193504e-20
0.839 2.2614022077751604e-20
0.84 2.2956317262338215e-20
0.841 2.3302463656072783e-20
0.842 2.3652482224261877e-20
0.843 2.40063936826308e-20
0.844 2.4364218490526623e-20
0.845 2.4725976844093974e-20
0.846 2.509168866942493e-20
0.847 2.546137361568444e-20
0.848 2.583505104821264e-20
0.849 2.621274004160556e-20
0.85 2.6594459372775602e-20
0.851 2.6980227513993308e-20
0.852 2.737006262591191e-20
0.853 2.776398255057617e-20
0.854 2.8162004804417015e-20
0.855 2.8564146571233607e-20
0.856 2.897042469516431e-20
0.857 2.9380855673648207e-20
0.858 2.9795455650378837e-20
0.859 3.021424040825161e-20
0.86 3.0637225362306784e-20
0.861 3.106442555266944e-20
0.862 3.149585563748828e-20
0.863 3.193152988587493e-20
0.864 3.2371462170845444e-20
0.865 3.28156659622657e-20
0.866 3.326415431980257e-20
0.867 3.371693988588245e-20
0.868 3.41740348786591e-20
0.869 3.463545108499252e-20
0.87 3.510119985344059e-20
0.871 3.557129208726546e-20
0.872 3.6045738237456445e-20
0.873 3.652454829577122e-20
0.874 3.7007731787797295e-20
0.875 3.7495297766035583e-20
0.876 3.7987254803007913e-20
0.877 3.8483610984390526e-20
0.878 3.898437390217528e-20
0.879 3.948955064786061e-20
0.88 3.999914780567419e-20
0.881 4.05131714458291e-20
0.882 4.103162711781562e-20
0.883 4.1554519843730524e-20
0.884 4.2081854111645764e-20
0.885 4.261363386901873e-20
0.886 4.3149862516145796e-20
0.887 4.369054289966141e-20
0.888 4.423567730608451e-20
0.889 4.478526745541436e-20
0.89 4.533931449477783e-20
0.891 4.589781899213006e-20
0.892 4.646078093001057e-20
0.893 4.702819969935679e-20
0.894 4.760007409337709e-20
0.895 4.817640230148526e-20
0.896 4.875718190329848e-20
0.897 4.934240986270084e-20
0.898 4.993208252197438e-20
0.899 5.05261955959997e-20
0.9 5.112474416652814e-20
0.901 5.172772267652756e-20
0.902 5.233512492460377e-20
0.903 5.29469440594995e-20
0.904 5.356317257467311e-20
0.905 5.4183802302958864e-20
0.906 5.48088244113109e-20
0.907 5.543822939563274e-20
0.908 5.607200707569456e-20
0.909 5.671014659013999e-20
0.91 5.735263639158444e-20
0.911 5.799946424180712e-20
0.912 5.865061720703845e-20
0.913 5.930608165334493e-20
0.914 5.99658432421135e-20
0.915 6.062988692563711e-20
0.916 6.129819694280356e-20
0.917 6.197075681488963e-20
0.918 6.2647549341462e-20
0.919 6.332855659638729e-20
0.92 6.401375992395282e-20
0.921 6.470313993510004e-20
0.922 6.539667650377238e-20
0.923 6.609434876337942e-20
0.924 6.679613510337925e-20
0.925 6.750201316598061e-20
0.926 6.821195984296676e-20
0.927 6.892595127264276e-20
0.928 6.964396283690789e-20
0.929 7.036596915845489e-20
0.93 7.109194409809789e-20
0.931 7.182186075223047e-20
0.932 7.255569145041563e-20
0.933 7.329340775310917e-20
0.934 7.40349804495185e-20
0.935 7.478037955559776e-20
0.936 7.552957431218151e-20
0.937 7.628253318325801e-20
0.9380000000000001 7.703922385438397e-20
0.9390000000000001 7.779961323124203e-20
0.9400000000000001 7.856366743834241e-20
0.9410000000000001 7.933135181787042e-20
0.9420000000000001 8.010263092868085e-20
0.9430000000000001 8.087746854544102e-20
0.9440000000000001 8.165582765792344e-20
0.9450000000000001 8.243767047044974e-20
0.9460000000000001 8.322295840148696e-20
0.9470000000000001 8.401165208339749e-20
0.9480000000000001 8.480371136234389e-20
0.9490000000000001 8.559909529834984e-20
0.9500000000000001 8.63977621655183e-20
0.9510000000000001 8.719966945240805e-20
0.9520000000000001 8.800477386256966e-20
0.9530000000000001 8.88130313152421e-20
0.9540000000000001 8.962439694621072e-20
0.9550000000000001 9.043882510882802e-20
0.9560000000000001 9.125626937519773e-20
0.9570000000000001 9.207668253752334e-20
0.9580000000000001 9.290001660962204e-20
0.9590000000000001 9.372622282860474e-20
0.96 9.455525165672307e-20
0.961 9.538705278338413e-20
0.962 9.622157512733375e-20
0.963 9.705876683900881e-20
0.964 9.789857530305954e-20
0.965 9.874094714104214e-20
0.966 9.958582821428251e-20
0.967 1.0043316362691148e-19
0.968 1.0128289772907212e-19
0.969 1.0213497412029955e-19
0.97 1.0298933565307369e-19
0.971 1.0384592443654534e-19
0.972 1.0470468184043574e-19
0.973 1.0556554849911027e-19
0.974 1.0642846431582608e-19
0.975 1.0729336846715423e-19
0.976 1.0816019940757626e-19
0.977 1.0902889487425544e-19
0.978 1.0989939189198264e-19
0.979 1.1077162677829704e-19
0.98 1.1164553514878145e-19
0.981 1.1252105192253226e-19
0.982 1.1339811132780395e-19
0.983 1.14276646907828e-19
0.984 1.1515659152680578e-19
0.985 1.1603787737607577e-19
0.986 1.169204359804539e-19
0.987 1.1780419820474762e-19
0.988 1.1868909426044252e-19
0.989 1.195750537125617e-19
0.99 1.2046200548669707e-19
0.991 1.21349877876212e-19
0.992 1.2223859854961487e-19
0.993 1.2312809455810319e-19
0.994 1.2401829234327695e-19
0.995 1.2490911774502113e-19
0.996 1.2580049600955632e-19
0.997 1.266923517976565e-19
0.998 1.275846091930336e-19
0.999 1.2847719171088734e-19
1.0 1.2937002230662005e-19
1.0010000000000001 1.3026302338471476e-19
1.002 1.311561168077761e-19
1.0030000000000001 1.3204922390573283e-19
1.004 1.3294226548520036e-19
1.0050000000000001 1.338351618390029e-19
1.006 1.3472783275585337e-19
1.0070000000000001 1.3562019753018987e-19
1.008 1.3651217497216786e-19
1.0090000000000001 1.3740368341780598e-19
1.01 1.3829464073928472e-19
1.0110000000000001 1.39184964355396e-19
1.012 1.4007457124214266e-19
1.0130000000000001 1.4096337794348572e-19
1.014 1.418513005822382e-19
1.0150000000000001 1.4273825487110388e-19
1.016 1.4362415612385913e-19
1.0170000000000001 1.4450891926667606e-19
1.018 1.453924588495854e-19
1.0190000000000001 1.4627468905807725e-19
1.02 1.4715552372483754e-19
1.0210000000000001 1.4803487634161883e-19
1.022 1.4891266007124308e-19
1.0230000000000001 1.4978878775973421e-19
1.024 1.5066317194857942e-19
1.025 1.5153572488711568e-19
1.026 1.5240635854504067e-19
1.027 1.5327498462504523e-19
1.028 1.5414151457556522e-19
1.029 1.5500585960365073e-19
1.03 1.558679306879502e-19
1.031 1.5672763859180738e-19
1.032 1.575848938764682e-19
1.033 1.5843960691439606e-19
1.034 1.59291687902692e-19
1.035 1.6014104687661832e-19
1.036 1.6098759372322234e-19
1.037 1.6183123819505837e-19
1.038 1.6267188992400475e-19
1.039 1.6350945843517368e-19
1.04 1.643438531609112e-19
1.041 1.651749834548846e-19
1.042 1.6600275860625418e-19
1.043 1.6682708785392722e-19
1.044 1.6764788040089077e-19
1.045 1.684650454286212e-19
1.046 1.6927849211156656e-19
1.047 1.7008812963169999e-19
1.048 1.7089386719314056e-19
1.049 1.7169561403683892e-19
1.05 1.7249327945532454e-19
1.051 1.7328677280751191e-19
1.052 1.7407600353356236e-19
1.053 1.7486088116979842e-19
1.054 1.7564131536366808e-19
1.055 1.7641721588875528e-19
1.056 1.7718849265983396e-19
1.057 1.779550557479623e-19
1.058 1.7871681539561402e-19
1.059 1.7947368203184354e-19
1.06 1.8022556628748188e-19
1.061 1.8097237901036e-19
1.062 1.817140312805562e-19
1.063 1.8245043442566475e-19
1.064 1.8318150003608164e-19
1.065 1.839071399803055e-19
1.066 1.846272664202485e-19
1.067 1.8534179182655598e-19
1.068 1.8605062899392967e-19
1.069 1.8675369105645218e-19
1.07 1.8745089150290922e-19
1.071 1.8814214419210575e-19
1.072 1.8882736336817316e-19
1.073 1.8950646367586382e-19
1.074 1.9017936017583015e-19
1.075 1.9084596835988502e-19
1.076 1.9150620416624284e-19
1.077 1.921599839947412e-19
1.078 1.9280722472204973e-19
1.079 1.9344784371687958e-19
1.08 1.940817588552199e-19
1.081 1.9470888853563774e-19
1.082 1.953291516946621e-19
1.083 1.9594246782217908e-19
1.084 1.965487569764579e-19
1.085 1.971479397976664e-19
1.086 1.9773993751705174e-19
1.087 1.9832467195557793e-19
1.088 1.98902065499947e-19
1.089 1.994720410386371e-19
1.09 2.0003452185251217e-19
1.091 2.0058943153170745e-19
1.092 2.0113669423960239e-19
1.093 2.016762362694181e-19
1.094 2.0220799118974323e-19
1.095 2.0273191351216751e-19
1.096 2.0324801058745975e-19
1.097 2.0375641058885087e-19
1.098 2.0425749773292338e-19
1.099 2.0475216150278854e-19
1.1 2.0524218681801228e-19
1.101 2.0573065829132955e-19
1.102 2.0622178291647472e-19
1.103 2.0671847050286295e-19
1.104 2.0721395425505465e-19
1.105 2.0767015636424392e-19
1.106 2.079696904052674e-19
1.107 2.0781939889012993e-19
1.108 2.0656994084674544e-19
1.109 2.0294966856143624e-19
1.11 1.950994047572197e-19
1.111 1.8230564538617175e-19
1.112 1.7169382905847222e-19
1.113 1.96056383256878e-19
1.114 3.5311536169355937e-19
1.115 8.819891942208763e-19
1.116 2.2996301791024315e-18
1.117 5.6290607358840766e-18
1.118 1.2762816083535835e-17
1.119 2.701947542157844e-17
1.12 5.343374612271255e-17
1.121 9.520818253320295e-17
1.122 1.399831540132054e-16
1.123 1.2713351366724565e-16
1.124 -1.14841519164418e-16
1.125 -9.7362101807273e-16
1.1260000000000001 -3.2162162249624e-15
1.127 -8.231106165203882e-15
1.1280000000000001 -1.8375713628583565e-14
1.129 -3.746010538308943e-14
1.1300000000000001 -6.599927145732875e-14
1.131 -6.493495539143147e-14
1.1320000000000001 1.0933154568355442e-13
1.133 7.958750377118845e-13
1.1340000000000001 2.6435478680275375e-12
1.135 6.746159460043931e-12
1.1360000000000001 1.4796158378669124e-11
1.137 2.926256987195113e-11
1.1380000000000001 5.3630123346054996e-11
1.139 9.269335631385205e-11
1.1400000000000001 1.528997650672105e-10
1.141 1.8819267698936247e-10
1.1420000000000001 -1.6650814571902316e-10
1.143 -1.57269691762575e-09
1.1440000000000001 -4.966436247293188e-09
1.145 -1.1537260930492544e-08
1.1460000000000001 -2.2707816653993267e-08
1.147 -4.019518306834886e-08
1.1480000000000001 -6.638818693020336e-08
1.149 -1.0429627837099975e-07
1.1500000000000001 -1.5750026347830603e-07
1.151 3.2057948491430686e-07
1.1520000000000001 4.030981800513928e-06
1.153 1.0807078010037583e-05
1.154 2.04864903469399e-05
1.155 3.291102784383618e-05
1.156 4.792662318658507e-05
1.157 6.538327048645768e-05
1.158 8.595239105088585e-05
1.159 0.00011350810079700941
1.16 0.0001476723232966997
1.161 0.00018807771550348625
1.162 0.00023436745267175642
1.163 0.00028619501784114793
1.164 0.00034442529833856846
1.165 0.00041463401756689975
1.166 0.0004961517669087668
1.167 0.0005883285130465433
1.168 0.0006905331976615142
1.169 0.0008021533457530964
1.17 0.0009243425672780585
1.171 0.001065112118769821
1.172 0.0012233899896308303
1.173 0.0013981356558165057
1.174 0.001588339418851637
1.175 0.001793021759134599
1.176 0.002013750555873995
1.177 0.002261975474042222
1.178 0.002536064785507957
1.179 0.002834435262040084
1.18 0.0031555511461462886
1.181 0.0034979231442166608
1.182 0.0038601074412790352
1.183 0.0042442956496422735
1.184 0.004666774909127162
1.185 0.005125178196959166
1.186 0.005617209921524495
1.187 0.006140644393061672
1.188 0.006693324327384247
1.189 0.007278229714501645
1.19 0.00791824727440727
1.191 0.008609928141482587
1.192 0.009349928190285984
1.193 0.010135005776672076
1.194 0.010962019527872758
1.195 0.01183501420314845
1.196 0.012785867399639434
1.197 0.013809645461447624
1.198 0.01490156546822795
1.199 0.016056991963979524
1.2 0.017271433756912282
1.201 0.01854054078823625
1.202 0.019869911108986196
1.203 0.02130366648332165
1.204 0.02283498294294277
1.205 0.024457247373841515
1.206 0.026164052911053188
1.207 0.027949194433214107
1.208 0.029820106454211903
1.209 0.03183701890508928
1.21 0.03399036062864143
1.211 0.03627085714569216
1.212 0.03866952414025345
1.213 0.04117766108644485
1.214 0.04380508117359746
1.215 0.04663323077032136
1.216 0.049648871743107933
1.217 0.05283917782638566
1.218 0.056191725534094024
1.219 0.05969448526957906
1.22 0.06336030609597375
1.221 0.06729826157350646
1.222 0.07149026384939941
1.223 0.07591879008936155
1.224 0.0805668699528353
1.225 0.08541807334214327
1.226 0.09048906890118874
1.227 0.09592449659120454
1.228 0.10169991726577868
1.229 0.10779165841070054
1.23 0.11417679707600877
1.231 0.12083314318195411
1.232 0.12773922318784064
1.233 0.13491714415406544
1.234 0.14255749620040142
1.235 0.1506282764102753
1.236 0.1590984962353041
1.237 0.16793815879493937
1.238 0.17711823667208385
1.239 0.18666654136380573
1.24 0.19683052414065255
1.241 0.20756753461747462
1.242 0.21883627732858443
1.243 0.23059678127836924
1.244 0.242810370159419
1.245 0.25551175863322145
1.246 0.2690191395157319
1.247 0.28327638112566667
1.248 0.2982291405134504
1.249 0.3138248231055441
1.25 0.3300125432354929
1.2510000000000001 0.3468352345027229
1.252 0.36469806028453544
1.2530000000000001 0.38352798990818115
1.254 0.4032543285290371
1.2550000000000001 0.42380866423456615
1.256 0.4451248163124415
1.2570000000000001 0.4671387846490521
1.258 0.48990526026193876
1.2590000000000001 0.5139371394507193
1.26 0.5391424638978346
1.2610000000000001 0.5654322475633499
1.262 0.5927204090536958
1.2630000000000001 0.620923705474731
1.264 0.6501076385074721
1.2650000000000001 0.6809116330460386
1.266 0.7132177408184139
1.2670000000000001 0.7469118345843047
1.268 0.781883520870555
1.2690000000000001 0.8180260546271141
1.27 0.8554172393579416
1.2710000000000001 0.8948465867365916
1.272 0.9361646901605265
1.2730000000000001 0.9792269989271507
1.274 1.0238937069499157
1.2750000000000001 1.0700296439279475
1.276 1.1177263308159826
1.2770000000000001 1.1679490775816734
1.278 1.220510794438826
1.2790000000000001 1.2752304963749639
1.28 1.3319331627743998
1.281 1.3904496001397042
1.282 1.450616307823004
1.283 1.5125453425001696
1.284 1.5774107412343452
1.285 1.6449860705037969
1.286 1.7150523696395914
1.287 1.7873979781859985
1.288 1.8618183670593744
1.289 1.9384408373454638
1.29 2.018670752084313
1.291 2.1022286635462626
1.292 2.188844372450507
1.293 2.27825671357687
1.294 2.3702133461045807
1.295 2.4648575414928553
1.296 2.5638553703728943
1.297 2.6668661842063957
1.298 2.7735606517734954
1.299 2.883620495967967
1.3 2.996738236402639
1.301 3.1130733544816174
1.302 3.234581680194643
1.303 3.3608526936160046
1.304 3.491489576925802
1.305 3.626108894711201
1.306 3.7643402813290017
1.307 3.90582613513067
1.308 4.050754258091805
1.309 4.201410119814103
1.31 4.357316245137139
1.311 4.51801129909939
1.312 4.683049708529581
1.313 4.852001291966515
1.314 5.02506699593984
1.315 5.204873357746562
1.316 5.390853430429292
1.317 5.582459503289832
1.318 5.779162649379175
1.319 5.980452282961384
1.32 6.186540873800646
1.321 6.400417757700073
1.322 6.621417881484408
1.323 6.848898866156312
1.324 7.0822404717527645
1.325 7.320844074004066
1.326 7.564931188843825
1.327 7.817870723724795
1.328 8.07889139127236
1.329 8.347248351543143
1.33 8.622222585743835
1.331 8.90312028376328
1.332 9.18927224513491
1.333 9.480929710745793
1.334 9.78187523272767
1.335 10.091246914359076
1.336 10.40821284811428
1.337 10.731970401728297
1.338 11.061745519947307
1.339 11.397787702168841
1.34 11.744269891916355
1.341 12.100207543462718
1.342 12.464650543757124
1.343 12.836682389776328
1.344 13.215419383965227
1.345 13.601104734305506
1.346 13.998297408349325
1.347 14.405886170903598
1.348 14.82279889735965
1.349 15.248001635898884
1.35 15.680497690322047
1.351 16.120518745139364
1.352 16.57299658593602
1.353 17.036691173979154
1.354 17.510406439205315
1.355 17.99298922198161
1.356 18.48332823812945
1.357 18.98035306657767
1.358 19.48431802087013
1.359 20.00054423856446
1.36 20.527700983337606
1.361 21.064505531214024
1.362 21.609722007781667
1.363 22.16216025086371
1.364 22.72204584986426
1.365 23.295013495761577
1.366 23.879601214321475
1.367 24.474400161456263
1.368 25.07805333112853
1.369 25.689254291551485
1.37 26.30819462660183
1.371 26.940783012809405
1.372 27.58543231128255
1.373 28.24061356302716
1.374 28.904854567880715
1.375 29.576738494558185
1.3760000000000001 30.256417878187182
1.377 30.95002782731378
1.3780000000000001 31.655864890813017
1.379 32.372288687750036
1.3800000000000001 33.09772035973643
1.381 33.83064105714501
1.3820000000000001 34.5695904582802
1.383 35.314734654423916
1.3840000000000001 36.07243651406446
1.385 36.840942206278136
1.3860000000000001 37.618564247911095
1.387 38.403679862798874
1.3880000000000001 39.19472937673446
1.389 39.99182370890803
1.3900000000000001 40.80143035251596
1.391 41.62169746994696
1.3920000000000001 42.45084401697164
1.393 43.28715798268394
1.3940000000000001 44.128994667791666
1.395 44.976408379769055
1.3960000000000001 45.83590914454738
1.397 46.70556491746428
1.3980000000000001 47.583518424216265
1.399 48.46798529129331
1.4000000000000001 49.35725221713051
1.401 50.25131674978222
1.4020000000000001 51.15666774741966
1.403 52.071312821582616
1.4040000000000001 52.993337778983836
1.405 53.920904654178365
1.4060000000000001 54.85224978504548
1.407 55.785681929972775
1.408 56.72121380518624
1.409 57.665318641836365
1.41 58.616032245496314
1.411 59.571469688754625
1.412 60.52982329632035
1.413 61.48936067381738
1.414 62.45003184081393
1.415 63.41815486061353
1.416 64.3917395920486
1.417 65.36887747754199
1.418 66.34773945402799
1.419 67.32657390917869
1.42 68.30527401557418
1.421 69.28994755585181
1.422 70.27860291854007
1.423 71.26933162896847
1.424 72.26030620324283
1.425 73.24977804875515
1.426 74.23759076726188
1.427 75.22959268217878
1.428 76.22381504020274
1.429 77.21837298999431
1.43 78.21146339716041
1.431 79.20136270660642
1.432 80.18642485106895
1.433 81.16652788235544
1.434 82.14729225527746
1.435 83.12686714326995
1.436 84.1034836737994
1.437 85.07545276343683
1.438 86.04116299975887
1.439 87.00044972082463
1.44 87.95858742574508
1.441 88.91378308847545
1.442 89.86432505332654
1.443 90.80858086217769
1.444 91.74499512873896
1.445 92.67337232054722
1.446 93.59861778220895
1.447 94.5190179941967
1.448 95.43293943812165
1.449 96.33882643486933
1.45 97.23519902960169
1.451 98.12065092248775
1.452 98.99503946626191
1.453 99.86295628310114
1.454 100.72285425928114
1.455 101.57326228125802
1.456 102.4127831430912
1.457 103.24009149923336
1.458 104.05502674863835
1.459 104.86178069895476
1.46 105.65891043993723
1.461 106.44504651753374
1.462 107.2188908813582
1.463 107.97921487679042
1.464 108.72585294128405
1.465 109.46260124022186
1.466 110.18813550704606
1.467 110.90120176524756
1.468 111.60061433178176
1.469 112.28525386403793
1.47 112.95496186703093
1.471 113.61315026762172
1.472 114.25862438698468
1.473 114.89025613886507
1.474 115.50698210291995
1.475 116.10780164025232
1.476 116.69257408654117
1.477 117.2643447010935
1.478 117.82205580674113
1.479 118.36471218625734
1.48 118.8913792375732
1.481 119.40118116958863
1.482 119.89329923764971
1.483 120.36767516492456
1.484 120.82706368850158
1.485 121.27060006781834
1.486 121.6974759385812
1.487 122.10693759514992
1.488 122.49828431095197
1.489 122.87148279434126
1.49 123.22896039943558
1.491 123.56998482705507
1.492 123.8938756485279
1.493 124.20000268325241
1.494 124.48778441247741
1.495 124.75721936723382
1.496 125.01043716879545
1.497 125.24683672033163
1.498 125.46586412293259
1.499 125.66701115474419
1.5 125.849813784383
1.5010000000000001 126.01430713470386
1.502 126.16235369560755
1.5030000000000001 126.29347947832004
1.504 126.40725294642421
1.5050000000000001 126.50328360087723
1.506 126.58122059728835
1.5070000000000001 126.64075139476147
1.508 126.68198742857666
1.5090000000000001 126.70659020765476
1.51 126.71424073204635
1.5110000000000001 126.70465649000984
1.512 126.67759017967003
1.5130000000000001 126.63282846028731
1.514 126.57051559645843
1.5150000000000001 126.49209866009511
1.516 126.39736365219284
1.5170000000000001 126.28612858036104
1.518 126.1582422861021
1.5190000000000001 126.0135832997154
1.52 125.8523287180699
1.5210000000000001 125.67573966461204
1.522 125.48369789851752
1.5230000000000001 125.27611284097722
1.524 125.05292050768624
1.5250000000000001 124.81408246697922
1.526 124.55980698499903
1.5270000000000001 124.2911952354372
1.528 124.00821424459774
1.5290000000000001 123.71085455117563
1.53 123.39912924213525
1.5310000000000001 123.07307301228498
1.532 122.73274124706262
1.5330000000000001 122.37839011166821
1.534 122.01100292014596
1.5350000000000001 121.63063873847167
1.536 121.23737540793854
1.537 120.8313087023809
1.538 120.41255150677733
1.539 119.98137898758173
1.54 119.53865305474021
1.541 119.08449036749582
1.542 118.6190228493706
1.543 118.14239693942643
1.544 117.65477286313009
1.545 117.15644048246305
1.546 116.64815816740585
1.547 116.13008911086176
1.548 115.602408547759
1.549 115.06530309593556
1.55 114.5189701149212
1.551 113.96370868053907
1.552 113.40018582243957
1.553 112.82860056974572
1.554 112.24916107207028
1.555 111.6620840251456
1.556 111.06759411271864
1.557 110.4659234643839
1.558 109.85738243701843
1.559 109.2425668378926
1.56 108.62170710847997
1.561 107.99503972043328
1.562 107.36280669493519
1.563 106.72525513647837
1.564 106.08269147065047
1.565 105.43564032837679
1.566 104.78434535639059
1.567 104.12905401808437
1.568 103.47001718483939
1.569 102.8074887403549
1.57 102.14176632986663
1.571 101.47331081583705
1.572 100.80237079945627
1.573 100.12919678162068
1.574 99.45404082062836
1.575 98.77715620152905
1.576 98.09882968736721
1.577 97.41947357756308
1.578 96.73932103682344
1.579 96.05861862825779
1.58 95.37761290087029
1.581 94.69655011838492
1.582 94.01567599823939
1.583 93.33525636308073
1.584 92.6556377927445
1.585 91.97705676363776
1.586 91.29974843433837
1.587 90.62394642832106
1.588 89.94988262568829
1.589 89.27780012953399
1.59 88.60799142976647
1.591 87.94067814987459
1.592 87.27607953323405
1.593 86.61441227448812
1.594 85.95589035884397
1.595 85.30073126338074
1.596 84.64917432291064
1.597 84.00142264168251
1.598 83.35767610043922
1.599 82.71813123144707
1.6 82.0829811004218
1.601 81.45241519518754
1.602 80.82661932090446
1.603 80.20577550170577
1.604 79.59006188858622
1.605 78.97965267338677
1.606 78.37471800872405
1.607 77.7754239337128
1.608 77.18192595105823
1.609 76.59435045265096
1.61 76.01285261205828
1.611 75.43758319408379
1.612 74.8686885084719
1.613 74.30631036852549
1.614 73.75057288867744
1.615 73.20154409786095
1.616 72.65935598287476
1.617 72.12413580482718
1.618 71.5960060828159
1.619 71.07508458169431
1.62 70.56146340124911
1.621 70.05514807847939
1.622 69.55624821572715
1.623 69.06486847552739
1.624 68.58110859095034
1.625 68.10506337924878
1.6260000000000001 67.63682527655645
1.627 67.17645912235065
1.6280000000000001 66.72388433550839
1.629 66.27918510956444
1.6300000000000001 65.84244058390452
1.631 65.41372488070674
1.6320000000000001 64.9931071443459
1.633 64.5806104510144
1.6340000000000001 64.17609202662449
1.635 63.77961841330856
1.6360000000000001 63.391251010510146
1.637 63.01104613309688
1.6380000000000001 62.63905507122715
1.639 62.27526946202669
1.6400000000000001 61.919462030258025
1.641 61.57168541785806
1.6420000000000001 61.23198703783931
1.643 60.90040915211721
1.6440000000000001 60.576988950403596
1.645 60.2616873221168
1.6460000000000001 59.95418120286143
1.647 59.65451397608194
1.6480000000000001 59.36272367806556
1.649 59.07884309472879
1.6500000000000001 58.80289985878809
1.651 58.53482494898511
1.6520000000000001 58.27418594385455
1.653 58.021022484464964
1.6540000000000001 57.77536867848917
1.655 57.53725321598964
1.6560000000000001 57.30669948489852
1.657 57.08372568616186
1.6580000000000001 56.868228388481604
1.659 56.65964308010963
1.6600000000000001 56.4580072952206
1.661 56.26335285372777
1.6620000000000001 56.07570599654739
1.663 55.895087519816
1.6640000000000001 55.72136693726677
1.665 55.55383737037241
1.666 55.3925469137269
1.667 55.23753750986396
1.668 55.088845106001564
1.669 54.94649980899388
1.67 54.81034505488703
1.671 54.67951051902377
1.672 54.55406281219868
1.673 54.4340617761363
1.674 54.31956066433257
1.675 54.21060632030402
1.676 54.107017191359226
1.677 54.00773629986464
1.678 53.91285750077993
1.679 53.822467045607645
1.68 53.736643790919985
1.681 53.65545940342479
1.682 53.578978561628375
1.683 53.50698915832614
1.684 53.43821594404704
1.685 53.37278304404338
1.686 53.31080608035345
1.687 53.2523924093956
1.688 53.19764135518954
1.689 53.146319574340254
1.69 53.096914887409135
1.691 53.04959921414527
1.692 53.00453457610154
1.693 52.96187337216313
1.694 52.92175864863234
1.695 52.883937371035486
1.696 52.84663329616188
1.697 52.810076548561135
1.698 52.7744856414183
1.699 52.740067796312104
1.7 52.707019256336444
1.701 52.67506917591431
1.702 52.642150288033356
1.703 52.60856165590774
1.704 52.57458867323512
1.705 52.5405034352791
1.706 52.506565101984826
1.707 52.47302025331576
1.708 52.43957029825943
1.709 52.403819258526276
1.71 52.36613442769435
1.711 52.326867332053716
1.712 52.28635415386252
1.713 52.24491614530973
1.714 52.202243935147244
1.715 52.15560310785058
1.716 52.105453319598894
1.717 52.052235617736514
1.718 51.99637293227182
1.719 51.93827055641344
1.72 51.877611469293115
1.721 51.811302561444634
1.722 51.739905924846944
1.723 51.66396182380009
1.724 51.5839892631096
1.725 51.5004865434763
1.726 51.41313276804507
1.727 51.31846062116027
1.728 51.21714398379661
1.729 51.10983131940393
1.73 50.997146327310375
1.731 50.879688581337746
1.732 50.75803415401501
1.733 50.631839809078386
1.734 50.49723215482774
1.735 50.35498342651591
1.736 50.205837069641184
1.737 50.050508474279745
1.738 49.88968569279545
1.739 49.723034480729524
1.74 49.546298424933475
1.741 49.36037989363788
1.742 49.16614813031041
1.743 48.96444009119127
1.744 48.75606126384916
1.745 48.54069158022805
1.746 48.313696574857325
1.747 48.07611335854884
1.748 47.82894131559626
1.749 47.57314305125594
1.75 47.30964531777237
1.7510000000000001 47.03814789732009
1.752 46.75365188886034
1.7530000000000001 46.45733163995632
1.754 46.15031895941762
1.7550000000000001 45.83370418039521
1.756 45.50853719944706
1.7570000000000001 45.17582849221991
1.758 44.83526524453422
1.7590000000000001 44.48146926484754
1.76 44.11571568329309
1.7610000000000001 43.739233065888875
1.762 43.35320457706598
1.7630000000000001 42.958769116059706
1.764 42.55565127595848
1.7650000000000001 42.138167991449194
1.766 41.70773430269967
1.7670000000000001 41.265713556465265
1.768 40.813418694033885
1.7690000000000001 40.352113510270264
1.77 39.88156520685695
1.7710000000000001 39.395825309380186
1.772 38.89644256891675
1.7730000000000001 38.38490895967426
1.774 37.86266109247963
1.7750000000000001 37.33108159663057
1.776 36.78998511374588
1.7770000000000001 36.233205081647576
1.778 35.662414857853214
1.7790000000000001 35.07922607964586
1.78 34.485190201191195
1.7810000000000001 33.88179999635024
1.782 33.27049102810556
1.7830000000000001 32.651073751693055
1.784 32.01716313814564
1.7850000000000001 31.37049213829173
1.786 30.712728622574275
1.7870000000000001 30.04547700846629
1.788 29.370279851784623
1.7890000000000001 28.68701034119179
1.79 27.989186303201055
1.7910000000000001 27.27864609228985
1.792 26.557158451707615
1.793 25.826424258242817
1.794 25.088078228363457
1.795 24.342057207231488
1.796 23.58184344092689
1.797 22.809362349172794
1.798 22.0264656678304
1.799 21.234933301695104
1.8 20.43647513637163
1.801 19.631091243435485
1.802 18.81229140258888
1.803 17.982067640894783
1.804 17.142334773299357
1.805 16.294932352144546
1.806 15.441626573731272
1.807 14.584112143056819
1.808 13.722380718292706
1.809 12.849964335404017
1.81 11.968833330263502
1.811 11.080879627590093
1.812 10.187918737303278
1.813 9.291691707126406
1.814 8.392257970903621
1.815 7.483309700113371
1.816 6.5668480333473385
1.817 5.644793269498451
1.818 4.71898693807633
1.819 3.7911938242131002
1.82 2.861534615730014
1.821 1.9239160592386624
1.822 0.9803449455800483
1.823 0.03274556021776675
1.824 -0.9170381893944919
1.825 -1.8672406929335437
1.826 -2.8161726016298987
1.827 -3.7637341940567417
1.828 -4.715827964962108
1.829 -5.67053688728209
1.83 -6.626025450095119
1.831 -7.580537531783614
1.832 -8.532394319496131
1.833 -9.481440951422691
1.834 -10.433264811856793
1.835 -11.385981858023259
1.836 -12.337789866762142
1.837 -13.286966280933383
1.838 -14.231866102692186
1.839 -15.17229098437214
1.84 -16.113481650482047
1.841 -17.0536112229347
1.842 -17.990934127995175
1.843 -18.92378393491868
1.844 -19.85057124161756
1.845 -20.771066468032092
1.846 -21.690140890708392
1.847 -22.606046912881684
1.848 -23.517116940978724
1.849 -24.421761233918158
1.85 -25.3184657992044
1.851 -26.206982356869254
1.852 -27.091798923713313
1.853 -27.971266776264095
1.854 -28.843815156060153
1.855 -29.707949147137754
1.856 -30.56224759971041
1.857 -31.40536109892151
1.858 -32.237104864622026
1.859 -33.061646430939184
1.86 -33.877518534769294
1.861 -34.683327304651684
1.862 -35.477750222734265
1.863 -36.259534131071995
1.864 -37.02848894183945
1.865 -37.78838628679687
1.866 -38.537877370737746
1.867 -39.27568370650311
1.868 -40.00059513112934
1.869 -40.71146786525805
1.87 -41.4081190324779
1.871 -42.09393624540394
1.872 -42.7677005897158
1.873 -43.42825983369693
1.874 -44.07452651257047
1.875 -44.70547605474261
1.8760000000000001 -45.32014494897984
1.877 -45.91842798795309
1.8780000000000001 -46.503404266505605
1.879 -47.07404836959592
1.8800000000000001 -47.62939581561953
1.881 -48.168541257416415
1.8820000000000001 -48.69063672278567
1.883 -49.19559504073401
1.8840000000000001 -49.68614239228314
1.885 -50.16138582344129
1.8860000000000001 -50.62048910349837
1.887 -51.06267101161732
1.8880000000000001 -51.487203661285996
1.889 -51.89402696004293
1.8900000000000001 -52.28554182401064
1.891 -52.660989882358685
1.8920000000000001 -53.01966500446169
1.893 -53.36091168064188
1.8940000000000001 -53.684123438957144
1.895 -53.98927423596817
1.8960000000000001 -54.27846949986268
1.897 -54.55108432459941
1.8980000000000001 -54.80654138825313
1.899 -55.04430943429872
1.9000000000000001 -55.2639017870042
1.901 -55.4653313170069
1.9020000000000001 -55.65043865576127
1.903 -55.81872835129027
1.9040000000000001 -55.969747800521375
1.905 -56.10308583544402
1.9060000000000001 -56.21837134136159
1.907 -56.31527190654593
1.9080000000000001 -56.39387949556878
1.909 -56.455836547255444
1.9100000000000001 -56.50080539250496
1.911 -56.528485251541646
1.9120000000000001 -56.53861095559232
1.913 -56.53095169801997
1.9140000000000001 -56.50563467823789
1.915 -56.46409030325169
1.9160000000000001 -56.406088308843216
1.917 -56.331430836371446
1.9180000000000001 -56.23995125917684
1.919 -56.13151303647066
1.92 -56.006278589953155
1.921 -55.86549476252994
1.922 -55.70902942603778
1.923 -55.53677850597181
1.924 -55.34866491228668
1.925 -55.144637495715976
1.926 -54.9246700290829
1.927 -54.68898237500523
1.928 -54.43868671754937
1.929 -54.17376052859984
1.93 -53.894204248351116
1.931 -53.60004034132141
1.932 -53.29131237549893
1.933 -52.96826510775911
1.934 -52.63187084915569
1.935 -52.28217806414407
1.936 -51.919254390032094
1.937 -51.54318579019873
1.938 -51.15407572862493
1.939 -50.752190336085974
1.94 -50.338382867966445
1.941 -49.91276170574658
1.942 -49.475450867393036
1.943 -49.026589254260145
1.944 -48.56632991753869
1.945 -48.09495590389474
1.946 -47.61321912243036
1.947 -47.12127665495233
1.948 -46.61929797005626
1.949 -46.10746425937534
1.95 -45.58596779168189
1.951 -45.05501128448246
1.952 -44.514899441723024
1.953 -43.96630680761172
1.954 -43.40943680175484
1.955 -42.844501723347676
1.956 -42.27172218764133
1.957 -41.69132657833214
1.958 -41.10362264096776
1.959 -40.509207081918255
1.96 -39.908307291881364
1.961 -39.30115699935782
1.962 -38.6879957843541
1.963 -38.06906860651281
1.964 -37.44468123855247
1.965 -36.81536264449795
1.966 -36.181354828738286
1.967 -35.54290389594313
1.968 -34.90025963655241
1.969 -34.25367512528015
1.97 -33.603449212406545
1.971 -32.95005106561121
1.972 -32.29372874515072
1.973 -31.634732474193704
1.974 -30.973314290471034
1.975 -30.309727709609525
1.976 -29.64425997038979
1.977 -28.977326605025215
1.978 -28.30917409715785
1.979 -27.640049446514514
1.98 -26.97019988103201
1.981 -26.29987257941866
1.982 -25.62931440393039
1.983 -24.9587961366114
1.984 -24.288683586197973
1.985 -23.61921397266609
1.986 -22.950623433311048
1.987 -22.283146798863406
1.988 -21.61701737867713
1.989 -20.952484990951294
1.99 -20.28986889103448
1.991 -19.62939127093911
1.992 -18.97127218107707
1.993 -18.315729354524652
1.994 -17.662978039294245
1.995 -17.01324428073089
1.996 -16.366803929350578
1.997 -15.723859903769208
1.998 -15.084612155110896
1.999 -14.449257534174766
2.0 -13.817989665618182
2.001 -13.19100863903079
2.0020000000000002 -12.568549475256045
2.003 -11.95079255412533
2.004 -11.337914674529236
2.005 -10.730088959447396
2.0060000000000002 -10.127484767076764
2.007 -9.530267607906074
2.008 -8.9386061556095
2.009 -8.352692824388253
2.0100000000000002 -7.77267906097422
2.011 -7.198712248030535
2.012 -6.6309356474706656
2.013 -6.069488348889624
2.0140000000000002 -5.514510293303498
2.015 -4.966157002285474
2.016 -4.424553300008338
2.017 -3.8898197224765436
2.0180000000000002 -3.362072488594328
2.019 -2.841423475578019
2.02 -2.3279837895005806
2.021 -1.8218742100637415
2.0220000000000002 -1.3231924295355684
2.023 -0.8320317708092969
2.024 -0.34848118206002204
2.025 0.12737476495909647
2.0260000000000002 0.5954533552420539
2.027 1.0556663902876502
2.028 1.5079431421318514
2.029 1.95221721112495
2.0300000000000002 2.388426511553422
2.031 2.8165132542661886
2.032 3.236423926408312
2.033 3.6481075204785576
2.0340000000000003 4.051510416643372
2.035 4.446592294940305
2.036 4.833316989324068
2.037 5.211652454731507
2.0380000000000003 5.581570731829235
2.039 5.943046708232674
2.04 6.296054579257999
2.041 6.640578762030115
2.0420000000000003 6.976607587157931
2.043 7.304133253444745
2.044 7.623151780800996
2.045 7.933662144014189
2.0460000000000003 8.235663840982895
2.047 8.529164295549908
2.048 8.814174541044839
2.049 9.090709165565702
2.05 9.358786255928647
2.051 9.618427340359007
2.052 9.869656779311113
2.053 10.112500101602697
2.054 10.346988965925389
2.055 10.57315822732815
2.056 10.791045874767395
2.057 11.00069296780513
2.058 11.202143572518422
2.059 11.395444696682343
2.06 11.580646224367968
2.061 11.757800850249152
2.062 11.926964012931732
2.063 12.088193827792127
2.064 12.241551019380838
2.065 12.387098853444876
2.066 12.524903068676577
2.067 12.655031808398212
2.068 12.777555551731279
2.069 12.892547044589444
2.07 13.000081230542985
2.071 13.100235181601473
2.072 13.19308802896006
2.073 13.278720893753707
2.074 13.357216817862435
2.075 13.428660694809485
2.076 13.49313920079322
2.077 13.550740725892398
2.078 13.601555305483362
2.079 13.645674551906591
2.08 13.683191586418895
2.081 13.714200971466504
2.082 13.73879864331319
2.083 13.757081845056518
2.084 13.76914906006431
2.085 13.775099945862287
2.086 13.775035268502913
2.087 13.769056837444394
2.088 13.757267440967777
2.089 13.739770782159187
2.09 13.716671415483157
2.091 13.688074683972072
2.092 13.654086657055892
2.093 13.614814069055203
2.094 13.570364258359891
2.095 13.520845107314692
2.096 13.466364982832047
2.097 13.407032677751777
2.098 13.342957352966195
2.099 13.274248480328426
2.1 13.2010157863609
2.101 13.12336919678001
2.102 13.041418781852299
2.103 12.955274702596517
2.104 12.865047157845254
2.105 12.77084633217897
2.106 12.672782344744505
2.107 12.570965198969372
2.108 12.465504733182424
2.109 12.356510572150684
2.11 12.244092079541439
2.111 12.128358311318037
2.112 12.009417970076989
2.113 11.887379360333458
2.114 11.762350344761408
2.115 11.634438301394088
2.116 11.503750081789887
2.117 11.370391970167914
2.118 11.234469643517064
2.119 11.096088132681718
2.12 10.955351784426606
2.121 10.812364224482812
2.122 10.667228321576287
2.123 10.520046152439694
2.124 10.370918967807846
2.125 10.219947159396506
2.126 10.06723022786371
2.1270000000000002 9.912866751752356
2.128 9.756954357412207
2.129 9.599589689899073
2.13 9.440868384848343
2.1310000000000002 9.28088504131969
2.132 9.119733195609202
2.133 8.957505296024891
2.134 8.794292678620943
2.1350000000000002 8.630185543885796
2.136 8.465272934378646
2.137 8.299642713308613
2.138 8.1333815440504
2.1390000000000002 7.966574870589945
2.14 7.799306898893181
2.141 7.631660579190633
2.142 7.463717589170329
2.1430000000000002 7.295558318071111
2.144 7.127261851668126
2.145 6.958905958141992
2.146 6.7905670748228415
2.1470000000000002 6.622320295800119
2.148 6.454239360388808
2.149 6.286396642442429
2.15 6.11886314050295
2.1510000000000002 5.951708468777474
2.152 5.785000848931479
2.153 5.6188071026877395
2.154 5.453192645220477
2.1550000000000002 5.288221479333599
2.156 5.123956190411873
2.157 4.9604579421336785
2.158 4.797786472933819
2.1590000000000003 4.636000093204854
2.16 4.4751556832246795
2.161 4.315308691798869
2.162 4.15651313560537
2.1630000000000003 3.998821599229385
2.164 3.8422852358760164
2.165 3.6869537687485074
2.166 3.5328754930787802
2.1670000000000003 3.380097278798406
2.168 3.228664573836811
2.169 3.078621408033986
2.17 2.9300103976547676
2.1710000000000003 2.782872750492137
2.172 2.6372482715455146
2.173 2.4931753692621235
2.174 2.3506910623277406
2.1750000000000003 2.209830986993787
2.176 2.0706294049276273
2.177 1.933119211573453
2.178 1.7973319450091338
2.179 1.6632977952875085
2.18 1.5310456142480595
2.181 1.4006029257860109
2.182 1.271995936565658
2.183 1.1452495471648112
2.184 1.0203873636380367
2.185 0.8974317094835932
2.186 0.7764036380033761
2.187 0.6573229450416623
2.188 0.5402081820899398
2.189 0.42507666974497077
2.19 0.3119445115083751
2.191 0.20082660791212997
2.192 0.09173667096060478
2.193 -0.01531276112518695
2.194 -0.12031030887333742
2.195 -0.22324573624918767
2.196 -0.32410993507667196
2.197 -0.42289490920910444
2.198 -0.5195937584569511
2.199 -0.6142006622870413
2.2 -0.7067108633045972
2.201 -0.7971206505300112
2.202 -0.8854273424820229
2.203 -0.9716292700767771
2.204 -1.055725759359766
2.205 -1.1377171140756361
2.206 -1.2176045980904202
2.207 -1.2953904176767097
2.208 -1.3710777036726631
2.209 -1.4446704935227705
2.21 -1.516173713218647
2.211 -1.585593159141678
2.212 -1.6529354798224893
2.213 -1.7182081576267219
2.214 -1.7814194903771294
2.215 -1.8425785729180262
2.216 -1.9016952786421986
2.217 -1.9587802409780979
2.218 -2.013844834853035
2.219 -2.0669011581406638
2.22 -2.1179620131018217
2.221 -2.167040887822493
2.222 -2.214151937671593
2.223 -2.2593099667714034
2.224 -2.302530409497558
2.225 -2.343829312015537
2.226 -2.3832233138617536
2.227 -2.4207296295702787
2.228 -2.456366030371501
2.229 -2.4901508259493417
2.23 -2.5221028462756907
2.231 -2.55224142352697
2.232 -2.580586374090511
2.233 -2.607157980667622
2.234 -2.631976974471025
2.235 -2.6550645175476215
2.236 -2.6764421852053664
2.237 -2.6961319485652804
2.238 -2.7141561572423494
2.239 -2.730537522161143
2.24 -2.7452990985000527
2.241 -2.7584642688014878
2.242 -2.770056726217395
2.243 -2.780100457914607
2.244 -2.788619728642036
2.245 -2.795639064464514
2.246 -2.8011832366527294
2.247 -2.8052772457748336
2.248 -2.8079463059476133
2.249 -2.8092158292763396
2.25 -2.80911141048343
2.251 -2.8076588117297083
2.2520000000000002 -2.804883947612508
2.253 -2.800812870396597
2.254 -2.795471755421952
2.255 -2.788886886723449
2.2560000000000002 -2.7810846428588794
2.257 -2.77209148294988
2.258 -2.7619339329384323
2.259 -2.7506385720369324
2.2600000000000002 -2.738232019440604
2.261 -2.724740921229494
2.262 -2.710191937502482
2.263 -2.6946117297389702
2.2640000000000002 -2.6780269483900176
2.265 -2.660464220669805
2.266 -2.6419501386320876
2.267 -2.6225112474390544
2.2680000000000002 -2.602174033874348
2.269 -2.580964915093447
2.27 -2.558910227612311
2.271 -2.536036216496967
2.2720000000000002 -2.5123690248578208
2.273 -2.4879346835327425
2.274 -2.462759101022023
2.275 -2.436868053665671
2.2760000000000002 -2.4102871760631626
2.277 -2.3830419516888854
2.278 -2.3551577038297444
2.279 -2.3266595867017474
2.2800000000000002 -2.2975725768221738
2.281 -2.267921464620967
2.282 -2.237730846294817
2.283 -2.2070251159032015
2.2840000000000003 -2.175828457648759
2.285 -2.144164838494912
2.286 -2.112058000946008
2.287 -2.079531456082371
2.2880000000000003 -2.0466084768343666
2.289 -2.013312091494114
2.29 -1.9796650773950473
2.291 -1.9456899549428965
2.2920000000000003 -1.9114089817874647
2.293 -1.876844147246001
2.294 -1.8420171669586776
2.295 -1.8069494777742292
2.2960000000000003 -1.7716622327823357
2.297 -1.7361762967111871
2.298 -1.7005122414391023
2.299 -1.6646903417520251
2.3000000000000003 -1.628730571323435
2.301 -1.5926525989142544
2.302 -1.556475784694239
2.303 -1.520219176942392
2.3040000000000003 -1.4839015088301506
2.305 -1.447541195442778
2.306 -1.4111563310036122
2.307 -1.3747646863063816
2.308 -1.3383837063526975
2.309 -1.3020305080796566
2.31 -1.265721878478251
2.311 -1.2294742727566836
2.312 -1.1933038127301168
2.313 -1.1572262854043993
2.314 -1.121257141750552
2.315 -1.0854114955371212
2.316 -1.0497041225681714
2.317 -1.0141494599272118
2.318 -0.9787616054370983
2.319 -0.94355431729851
2.32 -0.9085410139034966
2.321 -0.8737347736722216
2.322 -0.839148335311162
2.323 -0.8047940980355354
2.324 -0.770684121996614
2.325 -0.7368301288712777
2.326 -0.7032435026101009
2.327 -0.6699352901721419
2.328 -0.6369162026980111
2.329 -0.604196616603412
2.33 -0.571786574866163
2.331 -0.5396957884458141
2.332 -0.5079336378455441
2.333 -0.4765091748124754
2.334 -0.44543112398394635
2.335 -0.4147078849866773
2.336 -0.38434753440825137
2.337 -0.3543578279475427
2.338 -0.32474620269032056
2.339 -0.29551977950608127
2.34 -0.2666853653526917
2.341 -0.23824945605226602
2.342 -0.2102182388937875
2.343 -0.18259759540343387
2.344 -0.15539310422310992
2.345 -0.1286100440932036
2.346 -0.1022533967052469
2.347 -0.07632785004442448
2.348 -0.05083780151359355
2.349 -0.02578736121413689
2.35 -0.001180355318444854
2.351 0.02297967046994622
2.352 0.04668944762329819
2.353 0.06994598098837908
2.354 0.09274654524773382
2.355 0.11508868123451395
2.356 0.13697019218994558
2.357 0.1583891399479423
2.358 0.17934384105075793
2.359 0.19983286306986628
2.36 0.21985502040375682
2.361 0.23940937038307666
2.362 0.2584952092418555
2.363 0.2771120680308968
2.364 0.2952597084771376
2.365 0.31293811908121943
2.366 0.3301475106756851
2.367 0.34688831232964085
2.368 0.3631611671286199
2.369 0.37896692791068093
2.37 0.39430665296241685
2.371 0.40918160198329856
2.372 0.4235932314964578
2.373 0.4375431906414892
2.374 0.4510333168510148
2.375 0.4640656314964942
2.376 0.4766423355068035
2.3770000000000002 0.4887658052818764
2.378 0.500438588041358
2.379 0.5116633975865875
2.38 0.5224431099543921
2.3810000000000002 0.5327807590743557
2.382 0.5426795324091904
2.383 0.5521427665815167
2.384 0.5611739433204818
2.3850000000000002 0.5697766848371875
2.386 0.5779547496417489
2.387 0.5857120282615417
2.388 0.5930525389530265
2.3890000000000002 0.5999804234102496
2.39 0.6064999428116118
2.391 0.6126154732910327
2.392 0.6183315018716895
2.3930000000000002 0.6236526223079257
2.394 0.6285835309300039
2.395 0.6331290224945911
2.396 0.637293986387463
2.3970000000000002 0.6410834022504819
2.398 0.6445023360864551
2.399 0.6475559362788305
2.4 0.6502494296223079
2.4010000000000002 0.6525881173670257
2.402 0.6545773716242996
2.403 0.6562226312010805
2.404 0.6575293979217712
2.4050000000000002 0.6585032328713
2.406 0.6591497526792626
2.407 0.6594746258228718
2.408 0.6594835689510924
2.4090000000000003 0.6591823435759447
2.41 0.6585767522025295
2.411 0.6576726349508801
2.412 0.6564758661060986
2.4130000000000003 0.6549923506928266
2.414 0.6532280210761859
2.415 0.6511888339298133
2.416 0.6488807666561613
2.4170000000000003 0.6463098142962855
2.418 0.643481986373765
2.419 0.6404033037673985
2.42 0.6370797956145647
2.4210000000000003 0.6335174965772725
2.422 0.6297224435784684
2.423 0.6257006730200231
2.424 0.6214582179405701
2.4250000000000003 0.6170011052055316
2.426 0.6123353527309778
2.427 0.6074669670617451
2.428 0.6024019404419009
2.4290000000000003 0.5971462483540138
2.43 0.5917058470038642
2.431 0.5860866708604177
2.432 0.580294630230579
2.433 0.5743356088701029
2.434 0.568215461936795
2.435 0.5619400134618219
2.436 0.5555150542724343
2.437 0.5489463398655773
2.438 0.5422395883176668
2.439 0.5354004782316826
2.44 0.5284346470111692
2.441 0.5213476886809207
2.442 0.5141451521375534
2.443 0.5068325393560756
2.444 0.49941530363320885
2.445 0.49189884786838484
2.446 0.48428852315364546
2.447 0.47658962694117424
2.448 0.4688074016159388
2.449 0.4609470330292377
2.45 0.4530136490858236
2.451 0.44501231836731514
2.452 0.4369480487925953
2.453 0.42882578656666887
2.454 0.42065041473938997
2.455 0.4124267521415972
2.456 0.40415955228639266
2.457 0.3958535023058039
2.458 0.38751322192333965
2.459 0.37914326269328724
2.46 0.37074810688333176
2.461 0.3623321667053608
2.462 0.35389978351565976
2.463 0.3454552270490319
2.464 0.3370026946871802
2.465 0.32854631097115305
2.466 0.3200901267908087
2.467 0.3116381188921609
2.468 0.30319418935801934
2.469 0.2947621651206199
2.47 0.28634579750642725
2.471 0.2779487620018777
2.472 0.26957465772942246
2.473 0.2612270072107348
2.474 0.25290925610672893
2.475 0.2446247729872354
2.476 0.23637684913037846
2.477 0.22816869851980165
2.478 0.22000345758445974
2.479 0.21188418519506305
2.48 0.20381386264042597
2.481 0.19579539364085602
2.482 0.18783160438785748
2.483 0.179925243610073
2.484 0.17207898281373743
2.485 0.16429541629574496
2.486 0.15657706138289887
2.487 0.1489263586530061
2.488 0.14134567217935978
2.489 0.1338372897984374
2.49 0.12640342353025924
2.491 0.11904620980015947
2.492 0.11176770985815995
2.493 0.10456991018236551
2.494 0.09745472290265789
2.495 0.09042398624443716
2.496 0.08347946510428417
2.497 0.07662285145360946
2.498 0.06985576491290611
2.499 0.0631797533117605
2.5 0.056596293265974776
2.501 0.05010679077149032
2.5020000000000002 0.04371258191082802
2.503 0.03741493341165917
2.504 0.03121504335083934
2.505 0.025114041845512566
2.5060000000000002 0.019112991763616874
2.507 0.013212889447590206
2.508 0.007414665450926688
2.509 0.0017191853686559142
2.5100000000000002 -0.0038727494591166236
2.511 -0.009360401121973113
2.512 -0.014743094326628767
2.513 -0.020020215574346686
2.5140000000000002 -0.025191212328698073
2.515 -0.030255592105691013
2.516 -0.035212921671749775
2.517 -0.04006282614090264
2.5180000000000002 -0.04480498808405637
2.519 -0.04943914663132479
2.52 -0.053965096567799284
2.521 -0.05838268736633869
2.5220000000000002 -0.06269182231160479
2.523 -0.06689245754200938
2.524 -0.07098460110345357
2.525 -0.0749683119990745
2.5260000000000002 -0.07884369923538698
2.527 -0.08261092081845954
2.528 -0.08627018282709184
2.529 -0.08982173842043002
2.5300000000000002 -0.09326588685732803
2.531 -0.09660297251192179
2.532 -0.09983338388852663
2.533 -0.10295755263622604
2.5340000000000003 -0.10597595252543446
2.535 -0.10888909848991508
2.536 -0.11169754561815977
2.537 -0.1144018881571534
2.5380000000000003 -0.11700275851798839
2.539 -0.11950082628367668
2.54 -0.12189679718878668
2.541 -0.12419141215441311
2.5420000000000003 -0.1263854462848905
2.543 -0.12847970787712212
2.544 -0.13047503743405195
2.545 -0.13237230668259842
2.5460000000000003 -0.13417241757183737
2.547 -0.1358763013181546
2.548 -0.13748491742267044
2.549 -0.13899925270159358
2.5500000000000003 -0.14042032032274845
2.551 -0.14174915884856254
2.552 -0.14298683126651976
2.553 -0.14413442405954208
2.5540000000000003 -0.14519304625762944
2.555 -0.14616382850273366
2.556 -0.14704792212055967
2.557 -0.14784649820061904
2.5580000000000003 -0.1485607466847764
2.559 -0.14919187544951648
2.56 -0.14974110942278712
2.561 -0.15020968968975443
2.562 -0.15059887261237348
2.563 -0.15090992895864974
2.564 -0.1511441430417919
2.565 -0.15130281185794084
2.566 -0.1513872442538213
2.567 -0.15139876008930558
2.568 -0.15133868941399733
2.569 -0.1512083716546676
2.57 -0.15100915481370336
2.571 -0.15074239467006545
2.572 -0.15040945400633704
2.573 -0.1500117018355347
2.574 -0.14955051264205504
2.575 -0.14902726563439841
2.576 -0.1484433440097501
2.577 -0.14780013422367894
2.578 -0.1470990252841447
2.579 -0.14634140804752163
2.58 -0.14552867452962634
2.581 -0.14466221722863004
2.582 -0.14374342846043253
2.583 -0.1427736997065714
2.584 -0.1417544209703327
2.585 -0.14068698015303327
2.586 -0.13957276243707653
2.587 -0.13841314968306542
2.588 -0.13720951983970286
2.589 -0.1359632463665148
2.59 -0.134675697666656
2.591 -0.13334823653732328
2.592 -0.13198221962932147
2.593 -0.130578996920353
2.594 -0.12913991120118212
2.595 -0.12766629757467737
2.596 -0.12615948296639176
2.597 -0.12462078565029168
2.598 -0.12305151478553125
2.599 -0.12145296996645182
2.6 -0.11982644078532498
2.601 -0.11817320640781209
2.602 -0.11649453516110779
2.603 -0.11479168413472918
2.604 -0.11306589879390744
2.605 -0.11131841260553363
2.606 -0.10955044667660496
2.607 -0.10776320940502264
2.608 -0.10595789614268374
2.609 -0.10413568887214171
2.61 -0.10229775589314734
2.611 -0.10044525152308734
2.612 -0.09857931580904358
2.613 -0.09670107425165997
2.614 -0.09481163754073896
2.615 -0.09291210130525546
2.616 -0.09100354587020024
2.617 -0.08908703602863306
2.618 -0.0871636208242924
2.619 -0.0852343333453081
2.62 -0.08330019052892398
2.621 -0.08136219298153106
2.622 -0.0794213248020007
2.623 -0.07747855342166247
2.624 -0.0755348294535807
2.625 -0.07359108655255109
2.626 -0.07164824128522208
2.6270000000000002 -0.06970719300970493
2.628 -0.0677688237728513
2.629 -0.06583399820490816
2.63 -0.06390356343326269
2.6310000000000002 -0.06197834900370054
2.632 -0.060059166810804865
2.633 -0.05814681103738637
2.634 -0.05624205811148653
2.6350000000000002 -0.054345666657402286
2.636 -0.05245837746707954
2.637 -0.050580913477511896
2.638 -0.04871397975618816
2.6390000000000002 -0.0468582634944813
2.64 -0.045014434020376054
2.641 -0.043183142799261415
2.642 -0.04136502345786167
2.6430000000000002 -0.03956069181225074
2.644 -0.03777074590273146
2.645 -0.03599576603548045
2.646 -0.034236314845861426
2.6470000000000002 -0.03249293734267278
2.648 -0.030766160979104635
2.649 -0.029056495725604575
2.65 -0.02736443414834377
2.6510000000000002 -0.025690451493199158
2.652 -0.02403500579443843
2.653 -0.02239853795582787
2.654 -0.020781471863007966
2.6550000000000002 -0.019184214495325005
2.656 -0.017607156043582393
2.657 -0.016050670031888013
2.658 -0.014515113443535605
2.6590000000000003 -0.01300082687538114
2.66 -0.011508134654233428
2.661 -0.010037344990186867
2.662 -0.00858875012646246
2.6630000000000003 -0.00716262649195145
2.664 -0.005759234856428295
2.665 -0.004378820519110759
2.666 -0.0030216134473568927
2.6670000000000003 -0.0016878284593780087
2.668 -0.0003776654003769835
2.669 0.0009086906800591538
2.67 0.002171069349309751
2.6710000000000003 0.003409314573733808
2.672 0.004623284564471084
2.673 0.005812851570589446
2.674 0.006977901682259578
2.6750000000000003 0.008118334634173892
2.676 0.009234063609163833
2.677 0.010325014995228282
2.678 0.01139112822251902
2.6790000000000003 0.012432355537305513
2.68 0.013448661789819086
2.681 0.014440024220041465
2.682 0.015406432245420962
2.6830000000000003 0.016347887250418133
2.684 0.017264402320977503
2.685 0.018156002077675693
2.686 0.019022722433741233
2.6870000000000003 0.019864610371361405
2.688 0.020681723721494072
2.689 0.021474130947028033
2.69 0.022241910860786532
2.691 0.02298515246333129
2.692 0.023703954691404013
2.693 0.02439842618936711
2.694 0.02506868508576466
2.695 0.02571485877478174
2.696 0.026337083620960006
2.697 0.02693550480746396
2.698 0.027510276078698423
2.699 0.028061559511093105
2.7 0.028589525290656174
2.701 0.029094351497002645
2.702 0.029576223797536737
2.703 0.030035335311569964
2.704 0.03047188635043879
2.705 0.030886084191411766
2.706 0.03127814285245328
2.707 0.03164828287552315
2.708 0.031996731118036414
2.709 0.0323237204399823
2.71 0.03262948959000716
2.711 0.03291428294721343
2.712 0.03317835030288897
2.713 0.03342194665245505
2.714 0.033645331997172095
2.715 0.03384877102552158
2.716 0.034032533024870706
2.717 0.03419689162658617
2.718 0.03434212459753089
2.719 0.03446851364347028
2.72 0.03457634422383728
2.721 0.03466590522894931
2.722 0.034737488920937074
2.723 0.034791390684171385
2.724 0.03482790882887727
2.725 0.03484734440834258
2.726 0.03485000104907657
2.727 0.03483618462516478
2.728 0.034806203231486796
2.729 0.03476036694108601
2.73 0.03469898762280801
2.731 0.03462237876143139
2.732 0.034530855293094805
2.733 0.03442473345527715
2.734 0.03430433046199089
2.735 0.03416996451424814
2.736 0.03402195456833966
2.737 0.0338606201716764
2.738 0.03368628131553588
2.739 0.033499258303872625
2.74 0.033299871427876084
2.741 0.03308844101278996
2.742 0.032865287195588004
2.743 0.03263072977753461
2.744 0.03238508809519393
2.745 0.03212868090894985
2.746 0.03186182607774805
2.747 0.03158484064301951
2.748 0.03129804061644689
2.749 0.031001740849876207
2.75 0.030696254925130638
2.751 0.03038189506269532
2.7520000000000002 0.030058971797453902
2.753 0.02972779409969348
2.754 0.029388669173453365
2.755 0.029041902344072393
2.7560000000000002 0.02868779694868062
2.757 0.028326654247928816
2.758 0.027958773357833686
2.759 0.027584450930296926
2.7600000000000002 0.027203981313327026
2.761 0.02681765636322063
2.762 0.026425765352625873
2.763 0.026028594901031255
2.7640000000000002 0.025626428926475174
2.765 0.02521954832879755
2.766 0.024808231184550937
2.767 0.024392752570230717
2.7680000000000002 0.023973384487554178
2.769 0.02355039581218532
2.77 0.0231240522646265
2.771 0.022694616097214074
2.7720000000000002 0.02226234632143823
2.773 0.021827498542296778
2.774 0.02139032490019271
2.775 0.02095107403710645
2.7760000000000002 0.02050999108570024
2.777 0.020067317361199884
2.778 0.019623290618206873
2.779 0.019178144896188937
2.7800000000000002 0.018732110477192573
2.781 0.018285413846100655
2.782 0.017838277675753945
2.783 0.017390920835541668
2.7840000000000003 0.016943558091898292
2.785 0.01649640039356513
2.786 0.016049654730587254
2.787 0.015603524109233968
2.7880000000000003 0.015158207552168375
2.789 0.014713900122433137
2.79 0.014270792631293303
2.791 0.013829071945395288
2.7920000000000003 0.013388920856615687
2.793 0.012950518070511804
2.794 0.012514038220168116
2.795 0.012079651903982004
2.7960000000000003 0.011647525402289853
2.797 0.0112178210021261
2.798 0.010790696877820596
2.799 0.010366307091746197
2.8000000000000003 0.009944801620365784
2.801 0.009526326404113198
2.802 0.0091110230742778
2.803 0.008699029290842063
2.8040000000000003 0.008290478633701637
2.805 0.007885500614407376
2.806 0.007484220689609817
2.807 0.007086760299427187
2.8080000000000003 0.006693236929277357
2.809 0.0063037638500722075
2.81 0.0059184504660646205
2.811 0.005537402218051422
2.8120000000000003 0.00516072060624229
2.813 0.0047885032374794904
2.814 0.004420843895369856
2.815 0.0040578322933646875
2.816 0.0036995544262419648
2.817 0.0033460924833604066
2.818 0.002997524879593612
2.819 0.0026539263098233445
2.82 0.002315367825588448
2.821 0.0019819166023184124
2.822 0.0016536362900030118
2.823 0.0013305869362619286
2.824 0.0010128250239969793
2.825 0.0007004035100350711
2.826 0.00039337188630349506
2.827 9.177626218223264e-05
2.828 -0.00020434085213342427
2.829 -0.000494940199117639
2.83 -0.0007799858405078118
2.831 -0.0010594451134726406
2.832 -0.0013332885654104658
2.833 -0.001601489868673611
2.834 -0.001864026021297241
2.835 -0.002120877009526759
2.836 -0.0023720258654470997
2.837 -0.0026174586192158587
2.838 -0.0028571642312334
2.839 -0.0030911345054762045
2.84 -0.0033193642736920794
2.841 -0.0035418510703582604
2.842 -0.003758595181759757
2.843 -0.003969599595473689
2.844 -0.0041748699312095265
2.845 -0.004374414354154106
2.846 -0.004568243742288299
2.847 -0.0047563713766696
2.848 -0.004938812982445573
2.849 -0.005115586676695536
2.85 -0.005286712899126029
2.851 -0.0054522143266855765
2.852 -0.005612116023949983
2.853 -0.005766445151091909
2.854 -0.005915230997387613
2.855 -0.006058504928432646
2.856 -0.006196300333345366
2.857 -0.006328652556392702
2.858 -0.006455598814015959
2.859 -0.006577178328584129
2.86 -0.006693432055951321
2.861 -0.006804402712191211
2.862 -0.0069101347212382515
2.863 -0.007010674148504846
2.864 -0.00710606862136301
2.865 -0.007196367446852825
2.866 -0.007281621360147301
2.867 -0.007361882545219756
2.868 -0.007437204583724316
2.869 -0.007507642391389036
2.87 -0.007573252142720905
2.871 -0.007634091373416266
2.872 -0.007690218750468678
2.873 -0.00774169408748288
2.874 -0.007788578295491977
2.875 -0.00783093333415785
2.876 -0.007868822151992905
2.8770000000000002 -0.007902308616314217
2.878 -0.007931457601747734
2.879 -0.007956334782677254
2.88 -0.007977006644408279
2.8810000000000002 -0.007993540436986689
2.882 -0.008006004119461563
2.883 -0.008014466295218596
2.884 -0.008018996287364171
2.8850000000000002 -0.008019663952971188
2.886 -0.008016539690468411
2.887 -0.008009694396550183
2.888 -0.007999199414867248
2.8890000000000002 -0.007985126477044979
2.89 -0.00796754776619393
2.891 -0.007946535752386527
2.892 -0.007922163197011601
2.8930000000000002 -0.00789450311314822
2.894 -0.007863628718957592
2.895 -0.007829613384564272
2.896 -0.007792530685020944
2.8970000000000002 -0.0077524542561424594
2.898 -0.007709457796545129
2.899 -0.0076636150317625495
2.9 -0.007614999672506571
2.9010000000000002 -0.007563685367475535
2.902 -0.00750974574713583
2.903 -0.007453254298797866
2.904 -0.007394284367023102
2.9050000000000002 -0.007332909121670013
2.906 -0.007269201526607436
2.907 -0.007203234303587196
2.908 -0.007135079891615107
2.9090000000000003 -0.007064810483577398
2.91 -0.006992497919940571
2.911 -0.0069182136888343935
2.912 -0.00684202889881002
2.9130000000000003 -0.006764014247649852
2.914 -0.006684239987512058
2.915 -0.006602775955039615
2.916 -0.006519691481598761
2.9170000000000003 -0.006435055392929825
2.918 -0.006348935985966614
2.919 -0.006261401002484796
2.92 -0.006172517599812638
2.9210000000000003 -0.0060823523756407885
2.922 -0.005990971293312052
2.923 -0.005898439681525161
2.924 -0.005804822215164438
2.9250000000000003 -0.005710182896788563
2.926 -0.005614585035611656
2.927 -0.005518091224166462
2.928 -0.005420763359579261
2.9290000000000003 -0.005322662583051259
2.93 -0.0052238492806631065
2.931 -0.005124383068739751
2.932 -0.005024322777268905
2.9330000000000003 -0.004923726431525729
2.934 -0.004822651270132801
2.935 -0.004721153696577633
2.936 -0.004619289280775254
2.9370000000000003 -0.004517112748139271
2.938 -0.004414677967172466
2.939 -0.0043120379356979465
2.94 -0.004209244796562083
2.9410000000000003 -0.004106349799751308
2.942 -0.004003403304953336
2.943 -0.0039004547741223776
2.944 -0.0037975527629438145
2.945 -0.00369474491129282
2.946 -0.0035920779573040107
2.947 -0.003489597708726929
2.948 -0.003387349046650084
2.949 -0.003285375921313986
2.95 -0.0031837213484395446
2.951 -0.003082427404751973
2.952 -0.002981535222772619
2.953 -0.0028810850043380232
2.954 -0.002781116000409185
2.955 -0.0026816665165269927
2.956 -0.0025827739120677855
2.957 -0.0024844745989314383
2.958 -0.0023868040397164903
2.959 -0.0022897967606110357
2.96 -0.0021934863379545434
2.961 -0.002097905404926627
2.962 -0.002003085653434625
2.963 -0.0019090578356143857
2.964 -0.0018158517649843429
2.965 -0.0017234963290517255
2.966 -0.0016320194815624726
2.967 -0.0015414482503922516
2.968 -0.001451808741759298
2.969 -0.0013631261441839125
2.97 -0.0012754247322232534
2.971 -0.0011887278790314757
2.972 -0.0011030580533395156
2.973 -0.0010184368284698675
2.974 -0.00093488488856247
2.975 -0.0008524220346418906
2.976 -0.0007710671905455038
2.977 -0.0006908384155847925
2.978 -0.0006117529053998702
2.979 -0.0005338270019810742
2.98 -0.00045707620159586424
2.981 -0.0003815151629691845
2.982 -0.00030715771536001863
2.983 -0.00023401686654700454
2.984 -0.00016210481588914004
2.985 -9.143295851742644e-05
2.986 -2.2011896428223054e-05
2.987 4.614855199250625e-05
2.988 0.00011303934250967523
2.989 0.00017865219563656092
2.99 0.0002429795834448437
2.991 0.0003060147229708589
2.992 0.0003677515644779957
2.993 0.0004281847808837624
2.994 0.0004873097572312478
2.995 0.0005451225802010193
2.996 0.0006016200248313298
2.997 0.000656799546102344
2.998 0.0007106592667321562
2.999 0.0007631979658363596
3.0 0.0008144150676255697
3.001 0.0008643106301396142
3.0020000000000002 0.000912885331953106
3.003 0.0009601404624409886
3.004 0.0010060779092912642
3.005 0.0010507001466611742
3.0060000000000002 0.0010940102232738168
3.007 0.00113601175056283
3.008 0.0011767088908655736
3.009 0.0012161063441739114
3.0100000000000002 0.0012542093374817895
3.011 0.0012910236121697067
3.012 0.0013265554118811946
3.013 0.0013608114704567365
3.0140000000000002 0.0013937989999267078
3.015 0.0014255256774980715
3.016 0.0014559996344254192
3.017 0.0014852294435056482
3.0180000000000002 0.0015132241069536424
3.019 0.0015399930443486742
3.02 0.0015655460806537512
3.021 0.001589893433554532
3.0220000000000002 0.00161304570216602
3.023 0.0016350138547987368
3.024 0.0016558092170299392
3.025 0.0016754434598607033
3.0260000000000002 0.0016939285879613698
3.027 0.0017112769274780005
3.028 0.0017275011148368622
3.029 0.0017426140849292548
3.0300000000000002 0.0017566290595508282
3.031 0.0017695595359173422
3.032 0.0017814192752857606
3.033 0.001792222291683073
3.0340000000000003 0.0018019828403773653
3.035 0.0018107154070893037
3.036 0.0018184346968215862
3.037 0.0018251556229137138
3.0380000000000003 0.001830893296216065
3.039 0.0018356630143854724
3.04 0.0018394802510516394
3.041 0.0018423606455409177
3.0420000000000003 0.0018443199923864582
3.043 0.0018453742310425966
3.044 0.0018455394357308867
3.045 0.0018448318054196686
3.0460000000000003 0.0018432676537669702
3.047 0.0018408633994942095
3.048 0.0018376355566663764
3.049 0.0018336007251632963
3.0500000000000003 0.0018287755812849053
3.051 0.0018231768685003525
3.052 0.0018168213883423205
3.053 0.0018097259913320103
3.0540000000000003 0.0018019075682497753
3.055 0.0017933830413982268
3.056 0.0017841693560495604
3.057 0.0017742834720386401
3.0580000000000003 0.0017637423555031371
3.059 0.0017525629707719204
3.06 0.0017407622724028087
3.061 0.0017283571973707114
3.0620000000000003 0.0017153646574070759
3.063 0.001701801531491482
3.064 0.0016876846584961414
3.065 0.0016730308299839635
3.0660000000000003 0.0016578567831607755
3.067 0.0016421791939821985
3.068 0.0016260146704155918
3.069 0.0016093797458574001
3.0700000000000003 0.0015922908727061663
3.071 0.0015747644160913872
3.072 0.0015568166477583111
3.073 0.0015384637401087108
3.074 0.001519721760397578
3.075 0.0015006066650856261
3.076 0.0014811342943474054
3.077 0.0014613203667347722
3.078 0.0014411804739953825
3.079 0.0014207300760458157
3.08 0.0013999844960988622
3.081 0.0013789589159444535
3.082 0.0013576683713836426
3.083 0.0013361277478149873
3.084 0.0013143517759726243
3.085 0.001292355027815268
3.086 0.0012701519125653024
3.087 0.0012477566728970944
3.088 0.0012251833812735842
3.089 0.001202445936430169
3.09 0.0011795580600048405
3.091 0.0011565332933134856
3.092 0.001133384994269211
3.093 0.0011101263344445124
3.094 0.0010867702962750483
3.095 0.0010633296704037549
3.096 0.001039817053163975
3.097 0.0010162448442002463
3.098 0.000992625244225352
3.099 0.0009689702529121885
3.1 0.0009452916669189865
3.101 0.0009216010780463646
3.102 0.0008979098715246763
3.103 0.0008742292244300701
3.104 0.0008505701042276526
3.105 0.0008269432674401153
3.106 0.0008033592584401544
3.107 0.0007798284083649862
3.108 0.0007563608341512355
3.109 0.000732966437688447
3.11 0.0007096549050894474
3.111 0.0006864357060757622
3.112 0.0006633180934762704
3.113 0.0006403111028372623
3.114 0.0006174235521420396
3.115 0.000594664041638191
3.116 0.0005720409537706472
3.117 0.0005495624532186142
3.118 0.0005272364870344648
3.119 0.0005050707848826545
3.12 0.00048307285937671966
3.121 0.00046125000651240354
3.122 0.0004396093061949439
3.123 0.00041815762285855293
3.124 0.00039690160617610656
3.125 0.0003758476918570594
3.126 0.00035500210253159263
3.1270000000000002 0.00033437084871899977
3.128 0.00031395972987831213
3.129 0.0002937743355391619
3.13 0.0002738200465108823
3.1310000000000002 0.0002541020361678416
3.132 0.00023462527180900954
3.133 0.00021539451608975708
3.134 0.00019641432852389118
3.1350000000000002 0.00017768906705393147
3.136 0.0001592228896876392
3.137 0.000141019756198814
3.138 0.00012308342989038033
3.1390000000000002 0.00010541747941779248
3.14 8.802528067079391e-05
3.141 7.091001871157622e-05
3.142 5.407468976739124e-05
3.1430000000000002 3.752210327568043e-05
3.144 2.1254883979796203e-05
3.145 5.275474073401001e-06
3.146 -1.0413864608357525e-05
3.1470000000000002 -2.581104835278449e-05
3.148 -4.091416929056453e-05
3.149 -5.572149307553889e-05
3.15 -7.023145652517992e-05
3.1510000000000002 -8.444266522359428e-05
3.152 -9.83538910888711e-05
3.153 -0.00011196406990657384
3.154 -0.00012527229883115866
3.1550000000000002 -0.0001382778338570838
3.156 -0.00015098008726135693
3.157 -0.00016337862501924856
3.158 -0.00017547316419488113
3.1590000000000003 -0.00018726357030838292
3.16 -0.00019874985468127756
3.161 -0.00020993217176175824
3.162 -0.00022081081643147534
3.1630000000000003 -0.0002313862212954459
3.164 -0.00024165895395667042
3.165 -0.00025162971427702236
3.166 -0.0002612993316259516
3.1670000000000003 -0.0002706687621185227
3.168 -0.0002797390858442841
3.169 -0.00028851150408844273
3.17 -0.00029698733654679414
3.1710000000000003 -0.00030516801853583577
3.172 -0.00031305509819946556
3.173 -0.00032065023371364535
3.174 -0.00032795519049038426
3.1750000000000003 -0.0003349718383823712
3.176 -0.00034170214888956326
3.177 -0.00034814819236900945
3.178 -0.000354312135249167
3.1790000000000003 -0.00036019623724993993
3.18 -0.00036580284860964537
3.181 -0.0003711344073200878
3.182 -0.0003761934363708966
3.1830000000000003 -0.0003809825410042552
3.184 -0.00038550440598112524
3.185 -0.00038976179286004506
3.186 -0.0003937575372895534
3.1870000000000003 -0.0003974945463152656
3.188 -0.0004009757957026034
3.189 -0.00040420432727615265
3.19 -0.00040718324627660017
3.1910000000000003 -0.00040991571873617166
3.192 -0.00041240496887346996
3.193 -0.00041465427650858646
3.194 -0.00041666697449933225
3.1950000000000003 -0.0004184464461994107
3.196 -0.00041999612293932805
3.197 -0.00042131948153081275
3.198 -0.00042242004179548955
